2000
"1" 0.401083137298158 0.170954503787854 0 1
"2" 0.309134177590652 0.206539447081182 0 1
"3" 0.357974890647486 0.190858660879184 0 1
"4" 0.32559078220715 0.241906714509761 0 1
"5" 0.251669049139376 0.166169245448447 0 1
"6" 0.339468918367439 0.191773831130577 0 1
"7" 0.392733371868366 0.139771464164429 0 1
"8" 0.463350371293903 0.162438899311407 0 1
"9" 0.311292816268053 0.185369277064247 0 1
"10" 0.385807522273664 0.207441294805472 0 1
"11" 0.308009968980584 0.186132133123615 0 1
"12" 0.353598727404056 0.1592496166801 0 1
"13" 0.48416438011213 0.188957952764415 0 1
"14" 0.289126700361076 0.230718155335166 0 1
"15" 0.344274227186213 0.269314875363192 0 1
"16" 0.305809484180316 0.271598861222722 0 1
"17" 0.307721830909468 0.162311331232435 0 1
"18" 0.39003087577186 0.165595885571822 0 1
"19" 0.300277941306083 0.172620497597977 0 1
"20" 0.320276858084432 0.163555279367826 0 1
"21" 0.277078167241401 0.205913911908621 0 1
"22" 0.399412539226186 0.195438467770832 0 1
"23" 0.317465073060768 0.253981862695 0 1
"24" 0.276478177046866 0.193150819598745 0 1
"25" 0.348500086851881 0.294466159439629 0 1
"26" 0.21469007358387 0.192878660226663 0 1
"27" 0.281562645419845 0.266402558988455 0 1
"28" 0.40179079841579 0.143278069498042 0 1
"29" 0.299134400124544 0.241394726669585 0 1
"30" 0.353218401160966 0.194338581871962 0 1
"31" 0.368494136831104 0.22523863333287 0 1
"32" 0.408285243794625 0.167779978635382 0 1
"33" 0.272144476910568 0.183164065130721 0 1
"34" 0.40229605493095 0.164232326288725 0 1
"35" 0.277759815224088 0.260602028357677 0 1
"36" 0.411796148108149 0.194187150669994 0 1
"37" 0.268985657572549 0.18846372262684 0 1
"38" 0.415622110046866 0.19112343732431 0 1
"39" 0.298264098721921 0.178836436028501 0 1
"40" 0.403446018088377 0.223043641754692 0 1
"41" 0.394550230220151 0.177035356793625 0 1
"42" 0.207431814089565 0.238350012195353 0 1
"43" 0.288851403583696 0.168312862054633 0 1
"44" 0.324912566503392 0.176497753337981 0 1
"45" 0.350957588469683 0.308942173590661 0 1
"46" 0.333446479449246 0.25285405078425 0 1
"47" 0.184885818589053 0.18486538725294 0 1
"48" 0.274001160977747 0.29141629579354 0 1
"49" 0.384161599637991 0.185729007434791 0 1
"50" 0.258279138290408 0.226437802268914 0 1
"51" 0.340207925380394 0.186578804789691 0 1
"52" 0.330670749298807 0.283587827244531 0 1
"53" 0.390252923265353 0.195566646131108 0 1
"54" 0.393372891266286 0.171481941919439 0 1
"55" 0.433877990493599 0.209728482320672 0 1
"56" 0.301733053145901 0.193928133699401 0 1
"57" 0.500167893018478 0.130259135538032 0 1
"58" 0.324220763283998 0.162533386998711 0 1
"59" 0.319997253740912 0.213650938859514 0 1
"60" 0.297526828113422 0.2367003623744 0 1
"61" 0.305082465780948 0.24551209054439 0 1
"62" 0.318484411238218 0.278704469540168 0 1
"63" 0.426569805651134 0.230381663283527 0 1
"64" 0.332542416685716 0.158220192941879 0 1
"65" 0.32618542824214 0.289667789635534 0 1
"66" 0.413087325199537 0.194511211778387 0 1
"67" 0.420697946768327 0.141969501322582 0 1
"68" 0.469727931631681 0.198126602493231 0 1
"69" 0.385417740057809 0.209162449833364 0 1
"70" 0.377810323922785 0.244408375976576 0 1
"71" 0.250181939435299 0.243974319247559 0 1
"72" 0.434635764651678 0.182359710030975 0 1
"73" 0.299326461509371 0.180688198825609 0 1
"74" 0.297907733782863 0.147956404937381 0 1
"75" 0.493327116427057 0.144914217215581 0 1
"76" 0.39509393143582 0.183533560951567 0 1
"77" 0.356439197878316 0.226579921404516 0 1
"78" 0.337195626348908 0.243780816899488 0 1
"79" 0.377139307526758 0.18010819967859 0 1
"80" 0.27617352224126 0.146492523170155 0 1
"81" 0.282053641806991 0.260890846587175 0 1
"82" 0.427795851104517 0.19682270946341 0 1
"83" 0.295996915363707 0.21461582854237 0 1
"84" 0.455095419362278 0.167020922517282 0 1
"85" 0.372136831457834 0.285777823353887 0 1
"86" 0.313968089911036 0.244698984740637 0 1
"87" 0.382344255404416 0.223405573744516 0 1
"88" 0.290421188200901 0.189543360079765 0 1
"89" 0.357598836382646 0.216092925576638 0 1
"90" 0.43082455502079 0.215304545213709 0 1
"91" 0.376108298754208 0.248477865383338 0 1
"92" 0.343216314959481 0.118497197810065 0 1
"93" 0.342345002520472 0.205414681758269 0 1
"94" 0.292669333857334 0.174317738005873 0 1
"95" 0.360685547849652 0.219214861595408 0 1
"96" 0.325564968742315 0.278828788405694 0 1
"97" 0.500377625714991 0.166910089296564 0 1
"98" 0.28103383349696 0.145742651004236 0 1
"99" 0.485669116602515 0.160428616600924 0 1
"100" 0.406174309979311 0.203263827190731 0 1
"101" 0.325679951133299 0.218367287410883 0 1
"102" 0.345348143173226 0.253806689716559 0 1
"103" 0.354437128471808 0.231604080816398 0 1
"104" 0.326831208311681 0.181993932411749 0 1
"105" 0.395696333432996 0.15862270934022 0 1
"106" 0.359534720018191 0.162679224967172 0 1
"107" 0.391497109926184 0.133988622830788 0 1
"108" 0.312317370438885 0.203627660887944 0 1
"109" 0.4314459004694 0.202616445643925 0 1
"110" 0.421185814081442 0.218065434562467 0 1
"111" 0.411093984287143 0.181759294815033 0 1
"112" 0.339480392921143 0.169723434910713 0 1
"113" 0.352061340935586 0.20738520729208 0 1
"114" 0.319383261437305 0.271655140968821 0 1
"115" 0.295999468116171 0.212237909760029 0 1
"116" 0.365849054274024 0.201833561894567 0 1
"117" 0.286093597532978 0.208144502957381 0 1
"118" 0.334780620558487 0.152911380566762 0 1
"119" 0.399966158784249 0.209791510599201 0 1
"120" 0.453811690883855 0.121741355189046 0 1
"121" 0.308163426281119 0.210506140857914 0 1
"122" 0.460360795698845 0.141685028790266 0 1
"123" 0.396140171695937 0.17268079311461 0 1
"124" 0.268131381584736 0.22642334021051 0 1
"125" 0.414083194720136 0.137410222521445 0 1
"126" 0.343936844339724 0.221613926339138 0 1
"127" 0.363939823130855 0.22190967537094 0 1
"128" 0.348967421004351 0.213102447668031 0 1
"129" 0.233151925120543 0.243689782590704 0 1
"130" 0.379489305841157 0.188996414892544 0 1
"131" 0.421012872139842 0.245211640232478 0 1
"132" 0.404696247108732 0.182604290608172 0 1
"133" 0.355144844041249 0.131420573604704 0 1
"134" 0.285367583455102 0.173456945788102 0 1
"135" 0.373557070539668 0.192842603113837 0 1
"136" 0.326638957349061 0.24473648598569 0 1
"137" 0.413204023570959 0.20896709782358 0 1
"138" 0.326146068060288 0.198309161762727 0 1
"139" 0.323856233469515 0.151944400935136 0 1
"140" 0.365619185833381 0.253143270973704 0 1
"141" 0.236646417159507 0.253421545117366 0 1
"142" 0.451929230133712 0.154050804873723 0 1
"143" 0.278157268942902 0.192020086610975 0 1
"144" 0.321238083036618 0.165260241633822 0 1
"145" 0.419560858685 0.176842177987542 0 1
"146" 0.335787994631403 0.292818992873206 0 1
"147" 0.32841882757247 0.185260553170592 0 1
"148" 0.353954874203089 0.25650845373473 0 1
"149" 0.441287296824285 0.13620692998607 0 1
"150" 0.305383340537105 0.29484948771937 0 1
"151" 0.285507667371969 0.204036847662461 0 1
"152" 0.385781209540444 0.149385145824685 0 1
"153" 0.366829828940982 0.210983906805146 0 1
"154" 0.348363718927245 0.251346416862508 0 1
"155" 0.387025750642475 0.207899409058734 0 1
"156" 0.353835388401268 0.181553943709554 0 1
"157" 0.363022064966978 0.232493498945953 0 1
"158" 0.333593007284053 0.200022206960454 0 1
"159" 0.335157026995976 0.240652150261836 0 1
"160" 0.318539967990159 0.229844238912867 0 1
"161" 0.292814068121625 0.227717392065079 0 1
"162" 0.430788176527443 0.17585908599643 0 1
"163" 0.33024822290705 0.164056267598933 0 1
"164" 0.301294726268862 0.221066839055085 0 1
"165" 0.324731181354058 0.209040584067749 0 1
"166" 0.372754143082731 0.185597567394827 0 1
"167" 0.481447517207282 0.134319200625797 0 1
"168" 0.45620755389494 0.119984802609273 0 1
"169" 0.308038672181602 0.183737978732405 0 1
"170" 0.438502433976183 0.196626697403313 0 1
"171" 0.403539459086623 0.180707564980258 0 1
"172" 0.206904712255058 0.166641328295324 0 1
"173" 0.332459863087862 0.188338480939265 0 1
"174" 0.30781637408491 0.156607732860896 0 1
"175" 0.335380558071518 0.183878937466914 0 1
"176" 0.279141503249602 0.198126952460885 0 1
"177" 0.306392659963253 0.165114956727608 0 1
"178" 0.233999185055103 0.22096962399305 0 1
"179" 0.307040655611493 0.235479363195628 0 1
"180" 0.467441285921334 0.167559705572926 0 1
"181" 0.318637072570891 0.21332527562226 0 1
"182" 0.362748927845426 0.179653902594696 0 1
"183" 0.25852374862264 0.191623184981053 0 1
"184" 0.383724836545725 0.203117796476162 0 1
"185" 0.231300896838765 0.27438671963222 0 1
"186" 0.385240243069722 0.232675130203225 0 1
"187" 0.205733348622933 0.265229884377299 0 1
"188" 0.276347442651576 0.171094322408866 0 1
"189" 0.337093203620019 0.189560970485303 0 1
"190" 0.312921675014518 0.231564115082216 0 1
"191" 0.469553791669845 0.157575199331368 0 1
"192" 0.369239307308104 0.22189128592564 0 1
"193" 0.368477458538379 0.24760629177757 0 1
"194" 0.381226654168597 0.260105721791126 0 1
"195" 0.380308549625094 0.263327405002554 0 1
"196" 0.289035564419347 0.163170419516844 0 1
"197" 0.37726656112785 0.176420462177754 0 1
"198" 0.301129822873363 0.168733625118751 0 1
"199" 0.30586873838798 0.140124661140185 0 1
"200" 0.305543658183218 0.187167308007875 0 1
"201" 0.332418278706259 0.238244809349119 0 1
"202" 0.254338037095741 0.255445136111453 0 1
"203" 0.360160522683905 0.164806571079479 0 1
"204" 0.395201121712566 0.153581765727809 0 1
"205" 0.390418452640657 0.169204648026043 0 1
"206" 0.563799830647361 0.143403363520816 0 1
"207" 0.48464284728807 0.161085029002773 0 1
"208" 0.472264460371063 0.159907306138096 0 1
"209" 0.316947679461102 0.134876556655688 0 1
"210" 0.405918775775932 0.183642228115543 0 1
"211" 0.395611099037325 0.16582389998604 0 1
"212" 0.333400751494517 0.228090852909251 0 1
"213" 0.356937224505731 0.262649490955331 0 1
"214" 0.338491728021407 0.207111271044507 0 1
"215" 0.3347906855108 0.219187536133481 0 1
"216" 0.339032236673749 0.196147399161612 0 1
"217" 0.300200502293554 0.263361679366623 0 1
"218" 0.310579393921116 0.182117170633898 0 1
"219" 0.409666696337416 0.169432091974371 0 1
"220" 0.391656470992101 0.180519671923283 0 1
"221" 0.313352995301678 0.247649988171966 0 1
"222" 0.346704491535528 0.168819163853447 0 1
"223" 0.367080697310293 0.177370640455266 0 1
"224" 0.442306556933538 0.156113825784036 0 1
"225" 0.372879668549594 0.212339718912188 0 1
"226" 0.348147172699918 0.194969460779585 0 1
"227" 0.296317086420898 0.183850601821514 0 1
"228" 0.330511151233875 0.182360805143915 0 1
"229" 0.306725078957624 0.226647126453758 0 1
"230" 0.302565578982797 0.261974250679779 0 1
"231" 0.50463865250035 0.142308760818353 0 1
"232" 0.417585666612107 0.191743968823045 0 1
"233" 0.265024666078442 0.220884924269228 0 1
"234" 0.254547076303427 0.286009079286373 0 1
"235" 0.368399405510894 0.218984685212478 0 1
"236" 0.398138491224783 0.157125407166146 0 1
"237" 0.423845046691239 0.217546177709386 0 1
"238" 0.402751129889603 0.198362157797624 0 1
"239" 0.338343548821466 0.154026912380636 0 1
"240" 0.370578849080692 0.193437732862767 0 1
"241" 0.370189379836977 0.199379903445405 0 1
"242" 0.355466470445155 0.247785816737369 0 1
"243" 0.404923605951837 0.154308412168323 0 1
"244" 0.338649438227961 0.242646825147415 0 1
"245" 0.307503216605109 0.205454840826757 0 1
"246" 0.442384107202621 0.176034670566644 0 1
"247" 0.417930021848809 0.193631839042862 0 1
"248" 0.323045494015526 0.184477810077441 0 1
"249" 0.27128428772883 0.235095779701546 0 1
"250" 0.392787795358402 0.143657934276514 0 1
"251" 0.472796225748426 0.230867051790162 0 1
"252" 0.310720959385662 0.223187158635266 0 1
"253" 0.283872840597663 0.163526951006075 0 1
"254" 0.352335368277061 0.19821467424542 0 1
"255" 0.243145090352471 0.298328228038859 0 1
"256" 0.274989979933938 0.141668918828327 0 1
"257" 0.345570777699712 0.221632777252973 0 1
"258" 0.394160760746747 0.206482744345088 0 1
"259" 0.266224564578034 0.139577274482307 0 1
"260" 0.398214015757349 0.205110861158256 0 1
"261" 0.443763943175173 0.171108781982739 0 1
"262" 0.313387059179582 0.252776449193047 0 1
"263" 0.38514715115442 0.214763490503783 0 1
"264" 0.364939971010965 0.185467439851256 0 1
"265" 0.389695646835315 0.223344046304856 0 1
"266" 0.31438958258881 0.221702272517373 0 1
"267" 0.439565282393649 0.160829871830191 0 1
"268" 0.276876010631007 0.214932939990469 0 1
"269" 0.389789143701008 0.205988713388351 0 1
"270" 0.34845962967616 0.175462090777166 0 1
"271" 0.513602284385378 0.191742550149632 0 1
"272" 0.357272691339398 0.192763975227585 0 1
"273" 0.248828133788066 0.267210349516503 0 1
"274" 0.326707628215531 0.212015932895027 0 1
"275" 0.396791225848807 0.226416346821882 0 1
"276" 0.313806974561427 0.203384158827736 0 1
"277" 0.414645566230755 0.242204535807438 0 1
"278" 0.359139783737618 0.208132704298297 0 1
"279" 0.397085796723944 0.177199091379824 0 1
"280" 0.367716310728739 0.207054949734345 0 1
"281" 0.272696603173129 0.213863237254114 0 1
"282" 0.283722762339532 0.32161785372968 0 1
"283" 0.402912145401097 0.24760283145054 0 1
"284" 0.338834107838377 0.283315803483204 0 1
"285" 0.328468137915697 0.148426130931512 0 1
"286" 0.404683136233664 0.209106989027014 0 1
"287" 0.297102195699311 0.212998653746327 0 1
"288" 0.296279293546281 0.238406114237318 0 1
"289" 0.391588224021045 0.145260685752789 0 1
"290" 0.322623722741312 0.272039431685671 0 1
"291" 0.380503394341508 0.189708402109477 0 1
"292" 0.344951640359093 0.223422897576008 0 1
"293" 0.352842509602667 0.197735419243115 0 1
"294" 0.305251766718513 0.168880410042032 0 1
"295" 0.285263840108681 0.21375085913494 0 1
"296" 0.324945877515462 0.319670195444002 0 1
"297" 0.292965751323635 0.171475928826454 0 1
"298" 0.374894405569819 0.215171005481002 0 1
"299" 0.290027531457382 0.153031963107605 0 1
"300" 0.393708030466574 0.184267386552923 0 1
"301" 0.270612057265164 0.143351376494439 0 1
"302" 0.335116354706973 0.181051052943504 0 1
"303" 0.405258958804003 0.178306047856922 0 1
"304" 0.323246002810662 0.20651369571785 0 1
"305" 0.299973375748697 0.179824447884554 0 1
"306" 0.323606585140586 0.215952673959478 0 1
"307" 0.478021017979473 0.140130592380004 0 1
"308" 0.427809489722232 0.258284232446986 0 1
"309" 0.430819485068146 0.247377859712599 0 1
"310" 0.360673287479524 0.198227595934078 0 1
"311" 0.424488487856225 0.240163757621119 0 1
"312" 0.309591947953686 0.152259811508713 0 1
"313" 0.370211650242348 0.209504512375577 0 1
"314" 0.381196054554652 0.167010956199966 0 1
"315" 0.348191879798272 0.204168952515249 0 1
"316" 0.400300798264025 0.178033992314512 0 1
"317" 0.479651102797527 0.125817948723056 0 1
"318" 0.316975076539769 0.206383891528549 0 1
"319" 0.35014072602001 0.256980877135144 0 1
"320" 0.367886177527887 0.227105719826978 0 1
"321" 0.360354646354216 0.166862373581954 0 1
"322" 0.398596941409326 0.191508042552982 0 1
"323" 0.370092949778786 0.171416566210882 0 1
"324" 0.281483109193099 0.321702229879016 0 1
"325" 0.343019767689238 0.152553623491208 0 1
"326" 0.41439600275275 0.219696849853255 0 1
"327" 0.325792623760104 0.128188573479404 0 1
"328" 0.257399275533734 0.18783222278271 0 1
"329" 0.283643489662735 0.122941069947003 0 1
"330" 0.367144613468391 0.310321008985958 0 1
"331" 0.262097460896525 0.228782616660975 0 1
"332" 0.292129669534258 0.209036319227133 0 1
"333" 0.371728519796881 0.217276945218047 0 1
"334" 0.324549226437471 0.127793486757556 0 1
"335" 0.34144746974743 0.148150251084461 0 1
"336" 0.285689408040443 0.162320301996946 0 1
"337" 0.366448136710899 0.204562831902393 0 1
"338" 0.245957349120948 0.224600485292169 0 1
"339" 0.297178596157118 0.226212163976687 0 1
"340" 0.398740957096527 0.186068950349644 0 1
"341" 0.310042678777881 0.23791084356717 0 1
"342" 0.370416299893864 0.167377800481906 0 1
"343" 0.318236718014779 0.179279116661872 0 1
"344" 0.293990532508171 0.198603139639862 0 1
"345" 0.273469824907235 0.159552995897778 0 1
"346" 0.248665276025215 0.288310894175016 0 1
"347" 0.363646918820219 0.186529247081025 0 1
"348" 0.292900562181528 0.254018189018214 0 1
"349" 0.310376068724179 0.259847416597397 0 1
"350" 0.352906088087309 0.148063054404242 0 1
"351" 0.302375816716121 0.198806472644471 0 1
"352" 0.349169622142372 0.176857594827341 0 1
"353" 0.345840962738091 0.209155355079099 0 1
"354" 0.324314155734848 0.206084186496054 0 1
"355" 0.411936088735871 0.116036110190047 0 1
"356" 0.361300519275122 0.182160562991903 0 1
"357" 0.335926251724349 0.161514886699858 0 1
"358" 0.325764789866442 0.172573365269212 0 1
"359" 0.345936636362011 0.196187624887013 0 1
"360" 0.344660836545366 0.309267807250968 0 1
"361" 0.426099487458542 0.175761274213482 0 1
"362" 0.337035968131288 0.254505729396818 0 1
"363" 0.33210179274961 0.222600917522853 0 1
"364" 0.387775651993883 0.238062789413146 0 1
"365" 0.355892597401113 0.174062093748533 0 1
"366" 0.46724870708791 0.162697679769946 0 1
"367" 0.346358837771736 0.150817177968105 0 1
"368" 0.342668504856512 0.243519585500364 0 1
"369" 0.325621083193958 0.212778710781963 0 1
"370" 0.401070628719058 0.259770790729278 0 1
"371" 0.344928310410965 0.2037092419997 0 1
"372" 0.385357157625629 0.145847067614141 0 1
"373" 0.428868468978939 0.168909690345402 0 1
"374" 0.341556129149694 0.189552333993957 0 1
"375" 0.25598656429982 0.255355824622256 0 1
"376" 0.335104285103065 0.213495741288 0 1
"377" 0.341205087571337 0.301383610905684 0 1
"378" 0.386339604345909 0.168911174190413 0 1
"379" 0.34771115875836 0.19415973709496 0 1
"380" 0.30757278732079 0.200477729124312 0 1
"381" 0.315292790178327 0.275182871470152 0 1
"382" 0.397347845873269 0.226279706015249 0 1
"383" 0.468698064556522 0.145530610294079 0 1
"384" 0.439600580945525 0.171048292336319 0 1
"385" 0.380015701977951 0.242878141013982 0 1
"386" 0.364115452438093 0.197273945558336 0 1
"387" 0.345274521283191 0.176956388944609 0 1
"388" 0.42109006477035 0.225633665879998 0 1
"389" 0.304431711179089 0.178518142636086 0 1
"390" 0.346359716018904 0.192060478955221 0 1
"391" 0.392080018861558 0.16826237029892 0 1
"392" 0.340498200280994 0.192669411220622 0 1
"393" 0.360193098826546 0.250774055977588 0 1
"394" 0.32963765403797 0.217049979179743 0 1
"395" 0.346081596543822 0.208610320623019 0 1
"396" 0.350001184604556 0.160997454501595 0 1
"397" 0.292010118735057 0.275825123502763 0 1
"398" 0.342206386059495 0.191234278451711 0 1
"399" 0.494077897414483 0.205121192236496 0 1
"400" 0.270075631890929 0.174275684630031 0 1
"401" 0.354942340323804 0.224309975581307 0 1
"402" 0.370995568152493 0.189611632790255 0 1
"403" 0.293702914887992 0.272977742793675 0 1
"404" 0.405283631505916 0.189602278775587 0 1
"405" 0.336788210909758 0.159181348323253 0 1
"406" 0.416473693772575 0.184979902653154 0 1
"407" 0.342484882978372 0.206293641027192 0 1
"408" 0.421504553914357 0.199724377888542 0 1
"409" 0.348792650910489 0.279009460692755 0 1
"410" 0.377150863841212 0.182929553273105 0 1
"411" 0.331514276012385 0.235981147348166 0 1
"412" 0.302627572732383 0.224857359528948 0 1
"413" 0.392708906062873 0.218654851828167 0 1
"414" 0.375892455643717 0.176658842054827 0 1
"415" 0.352782796332666 0.180663146981277 0 1
"416" 0.255061157037876 0.174441905415243 0 1
"417" 0.309806863912814 0.188694790233402 0 1
"418" 0.368477561524819 0.192006218694525 0 1
"419" 0.284053221774099 0.147125479079624 0 1
"420" 0.398326194978447 0.256274649874511 0 1
"421" 0.398235899304252 0.177036848359738 0 1
"422" 0.350888362064846 0.194929980262682 0 1
"423" 0.309534958084678 0.1866708632944 0 1
"424" 0.299447166878056 0.178492618426334 0 1
"425" 0.217169720324695 0.205853176972479 0 1
"426" 0.277871822239243 0.204049318649113 0 1
"427" 0.205110727983145 0.212902860808371 0 1
"428" 0.361523708449646 0.184744511650408 0 1
"429" 0.288150863476497 0.248597122857752 0 1
"430" 0.343683972094429 0.257325262552524 0 1
"431" 0.375274537287849 0.176212019522471 0 1
"432" 0.311310754233752 0.266201308703765 0 1
"433" 0.412621261829486 0.212354475837067 0 1
"434" 0.284055105580313 0.156556628771671 0 1
"435" 0.406590331647618 0.199559702142644 0 1
"436" 0.406731277769024 0.24723870052246 0 1
"437" 0.432743445508861 0.160491505587929 0 1
"438" 0.307509551146872 0.21880448507592 0 1
"439" 0.485901937475336 0.1594683068931 0 1
"440" 0.388811672975889 0.190974860216155 0 1
"441" 0.320157738285014 0.221304694129865 0 1
"442" 0.357419566427077 0.170263642812352 0 1
"443" 0.267092579658692 0.240336364359292 0 1
"444" 0.319113862913197 0.208370931398205 0 1
"445" 0.332445020082423 0.150581598844457 0 1
"446" 0.246467522038505 0.217091063916949 0 1
"447" 0.271797003100246 0.246727586338423 0 1
"448" 0.329084551863232 0.165671562007702 0 1
"449" 0.376646810350455 0.190321201866651 0 1
"450" 0.339110661061357 0.164098612332209 0 1
"451" 0.314951684844377 0.226683023501219 0 1
"452" 0.408056987275843 0.167294846321967 0 1
"453" 0.280797786612046 0.212058444547294 0 1
"454" 0.420883326315068 0.156637297527397 0 1
"455" 0.340135701373199 0.211396273431294 0 1
"456" 0.383304533949259 0.151673483726442 0 1
"457" 0.367514591569589 0.198409452906031 0 1
"458" 0.386088633817835 0.177670907422395 0 1
"459" 0.37148121118671 0.255058088602792 0 1
"460" 0.27818969411595 0.272407800524939 0 1
"461" 0.463638732984309 0.177576360455495 0 1
"462" 0.32213137055571 0.188192583179045 0 1
"463" 0.338141839686733 0.185017722796875 0 1
"464" 0.418947799224595 0.20792786106825 0 1
"465" 0.271948714174169 0.186092121866376 0 1
"466" 0.462917964848224 0.208112995306594 0 1
"467" 0.300225322906703 0.233686835448976 0 1
"468" 0.310696935068621 0.186691964043516 0 1
"469" 0.434454883562016 0.16107340393711 0 1
"470" 0.436413234548881 0.203047714349943 0 1
"471" 0.334762977059221 0.228490455169507 0 1
"472" 0.41083665840378 0.218666551368105 0 1
"473" 0.403246713888994 0.142491894198976 0 1
"474" 0.30219850809619 0.257038472179811 0 1
"475" 0.265152356874998 0.150356260777244 0 1
"476" 0.380855164550879 0.194456248602398 0 1
"477" 0.373896954962372 0.261622497697224 0 1
"478" 0.350154190658558 0.214495675409588 0 1
"479" 0.400351966950423 0.213913086113032 0 1
"480" 0.347369675300951 0.18321918100832 0 1
"481" 0.327314248141217 0.109373318341186 0 1
"482" 0.317806532230692 0.206429028329014 0 1
"483" 0.400490062748097 0.158482704724727 0 1
"484" 0.366691873259455 0.170200883783427 0 1
"485" 0.421272673335813 0.181875890089684 0 1
"486" 0.340754322585404 0.202705903297121 0 1
"487" 0.375436631054296 0.301579474611755 0 1
"488" 0.259950392257904 0.244888355024805 0 1
"489" 0.305940029829614 0.287528629281357 0 1
"490" 0.395466237182345 0.219629792510386 0 1
"491" 0.389025937058653 0.182635781720494 0 1
"492" 0.380879874850798 0.184605999750551 0 1
"493" 0.317887553065403 0.18422040144028 0 1
"494" 0.34918848264948 0.173084680422529 0 1
"495" 0.327732924246892 0.203184809509712 0 1
"496" 0.297394139398903 0.156563397287584 0 1
"497" 0.2883097164532 0.250685384223261 0 1
"498" 0.398953230625602 0.149930491532025 0 1
"499" 0.341034338038299 0.155797827354026 0 1
"500" 0.354314849036478 0.167419452225774 0 1
"501" 0.421821746737152 0.181938356891889 0 1
"502" 0.322440996105201 0.194948075689747 0 1
"503" 0.426070480723457 0.222313572729757 0 1
"504" 0.348095213690864 0.266967015454679 0 1
"505" 0.314437132726617 0.201816857114475 0 1
"506" 0.270893883414286 0.203950047467134 0 1
"507" 0.393089468455857 0.183075753157795 0 1
"508" 0.326514935733312 0.142004455623995 0 1
"509" 0.31222072732153 0.265267519324984 0 1
"510" 0.268243830539069 0.222442488826498 0 1
"511" 0.294343324701696 0.223760551620551 0 1
"512" 0.34141686476976 0.181243241185673 0 1
"513" 0.4439331534705 0.193817304663151 0 1
"514" 0.397195406218322 0.199741752599258 0 1
"515" 0.359906215981266 0.206054711053415 0 1
"516" 0.389869271544783 0.233091349282236 0 1
"517" 0.425043665211802 0.186811073929859 0 1
"518" 0.368923314849756 0.174792393949806 0 1
"519" 0.328140877102768 0.149747405135507 0 1
"520" 0.329792527757467 0.189879684930944 0 1
"521" 0.372078110948413 0.169560957962104 0 1
"522" 0.267088061486926 0.213031374019332 0 1
"523" 0.290343189397728 0.337071025922591 0 1
"524" 0.339659990067401 0.258458888751865 0 1
"525" 0.349507697728403 0.252572442284301 0 1
"526" 0.28295491019448 0.20012326089877 0 1
"527" 0.376544569770337 0.152831051336658 0 1
"528" 0.36269715245 0.236158517398292 0 1
"529" 0.34851783899549 0.205606922604655 0 1
"530" 0.345415086009214 0.243026486510585 0 1
"531" 0.301919989513759 0.184830578163652 0 1
"532" 0.304992662484858 0.169739011872417 0 1
"533" 0.33334475427245 0.172597636512952 0 1
"534" 0.240332373345064 0.168194785269884 0 1
"535" 0.292937716435473 0.237398938265232 0 1
"536" 0.45196504478303 0.189459253601493 0 1
"537" 0.356277893361619 0.14765000424659 0 1
"538" 0.34628700550488 0.220428249068997 0 1
"539" 0.354153929286047 0.216595584965849 0 1
"540" 0.291003195412486 0.181776981710383 0 1
"541" 0.459748526496903 0.200189948239095 0 1
"542" 0.333774598245352 0.207322799862071 0 1
"543" 0.387097871443421 0.16598472465972 0 1
"544" 0.247360279980891 0.230712197441036 0 1
"545" 0.325978673932878 0.24626295580654 0 1
"546" 0.244914098758555 0.190320552426217 0 1
"547" 0.357088970354462 0.149628750080588 0 1
"548" 0.401662381838484 0.19656241463182 0 1
"549" 0.308051884830295 0.255550568204439 0 1
"550" 0.45044519658708 0.183689184847041 0 1
"551" 0.344038956882469 0.265405539602663 0 1
"552" 0.361282994694906 0.200498514013028 0 1
"553" 0.385556195949121 0.220549614633895 0 1
"554" 0.245356537760303 0.226802414527223 0 1
"555" 0.3014433555265 0.184823924193514 0 1
"556" 0.325234731470564 0.214591595254531 0 1
"557" 0.326255685437205 0.191350142732781 0 1
"558" 0.313364120537994 0.228477661401948 0 1
"559" 0.363822295990426 0.230604170734215 0 1
"560" 0.327053289377076 0.220986818741962 0 1
"561" 0.43331708777127 0.227282624593449 0 1
"562" 0.295922805189203 0.206231102867762 0 1
"563" 0.333710553772097 0.213103929198357 0 1
"564" 0.444464573714784 0.180056219629871 0 1
"565" 0.346102399015358 0.243354468032434 0 1
"566" 0.373272178392086 0.205261694114139 0 1
"567" 0.381238375846282 0.191427292565051 0 1
"568" 0.320522278157871 0.17988790027645 0 1
"569" 0.253348581139481 0.284862777023553 0 1
"570" 0.36852691319684 0.125262616988205 0 1
"571" 0.458609759988686 0.135398335010612 0 1
"572" 0.40558886093785 0.185954513267359 0 1
"573" 0.395279791019916 0.170160973955936 0 1
"574" 0.336915132817188 0.18234756375262 0 1
"575" 0.240540613807853 0.210023277070344 0 1
"576" 0.273512997649965 0.228795337026408 0 1
"577" 0.451143863087966 0.149172705165747 0 1
"578" 0.416002228949836 0.222219745128364 0 1
"579" 0.333663589777953 0.229427968017111 0 1
"580" 0.293867745747313 0.238945584231191 0 1
"581" 0.252077436895457 0.26427889208368 0 1
"582" 0.325202054568884 0.185430250385621 0 1
"583" 0.330635568762046 0.200805171094776 0 1
"584" 0.24488626270082 0.286321797808088 0 1
"585" 0.34094312438518 0.217850927429643 0 1
"586" 0.423646734450774 0.146000020452248 0 1
"587" 0.361455388881776 0.208151143637505 0 1
"588" 0.337133328938195 0.173039228027499 0 1
"589" 0.352779745775468 0.206584130976967 0 1
"590" 0.327720758367039 0.256852726554517 0 1
"591" 0.372488983414881 0.183893353919188 0 1
"592" 0.355701266295789 0.225384619144799 0 1
"593" 0.322026403466242 0.243285312245804 0 1
"594" 0.256646713815501 0.238592872727591 0 1
"595" 0.354414290801784 0.285318136592587 0 1
"596" 0.329665371169577 0.276423997694481 0 1
"597" 0.393954511358255 0.194828933014056 0 1
"598" 0.354717434878088 0.198599987105178 0 1
"599" 0.366311842975461 0.246425867952069 0 1
"600" 0.352485199719591 0.288111240771784 0 1
"601" 0.341916805290298 0.195858247396698 0 1
"602" 0.350569773465563 0.171005309465085 0 1
"603" 0.395164789282431 0.216397003964359 0 1
"604" 0.294936981452391 0.162348188471691 0 1
"605" 0.399936994398669 0.184107437592817 0 1
"606" 0.400835384736776 0.167038262686929 0 1
"607" 0.452910722253343 0.169688299158791 0 1
"608" 0.307768342400856 0.227814034773362 0 1
"609" 0.440668301335642 0.178570191062209 0 1
"610" 0.414182603489235 0.173703584567044 0 1
"611" 0.334097791774191 0.211233756115893 0 1
"612" 0.258927149798661 0.209515511084842 0 1
"613" 0.446540027446717 0.222679966775196 0 1
"614" 0.319329880505267 0.164565784721736 0 1
"615" 0.312862484448391 0.147030055149965 0 1
"616" 0.32850468088216 0.250686741411982 0 1
"617" 0.369668106981477 0.160755450219718 0 1
"618" 0.385083658844662 0.142941041056326 0 1
"619" 0.343073079376763 0.230958612582372 0 1
"620" 0.318445711398284 0.225125550348837 0 1
"621" 0.438625712631702 0.194139966898308 0 1
"622" 0.364933010775878 0.117357727169868 0 1
"623" 0.366759088075627 0.218553494375726 0 1
"624" 0.456279638205654 0.192040003144024 0 1
"625" 0.373211278286319 0.206208174198235 0 1
"626" 0.392951169588446 0.221855303999818 0 1
"627" 0.410442814975585 0.15936986811225 0 1
"628" 0.42673890787366 0.198507620924226 0 1
"629" 0.287664656777267 0.165952701738439 0 1
"630" 0.3164490879539 0.208083692796726 0 1
"631" 0.483461838132366 0.137813412601143 0 1
"632" 0.38073443796155 0.207694522569086 0 1
"633" 0.353307637449363 0.226352012055712 0 1
"634" 0.360797247152192 0.151904677332243 0 1
"635" 0.241088764835083 0.210600505779159 0 1
"636" 0.294941639969498 0.21319093537215 0 1
"637" 0.39136835863814 0.13143262937927 0 1
"638" 0.431803612505252 0.183284415920807 0 1
"639" 0.296715064328119 0.191982389622547 0 1
"640" 0.344537026964919 0.174529418524752 0 1
"641" 0.317902023096886 0.24206654774581 0 1
"642" 0.48079369570214 0.167580185600517 0 1
"643" 0.309847091184212 0.199254509287746 0 1
"644" 0.346989328071141 0.171501474669545 0 1
"645" 0.294514976615331 0.242155409428456 0 1
"646" 0.307557641171462 0.205569730234021 0 1
"647" 0.365479534729813 0.205974055797141 0 1
"648" 0.330888828739042 0.235092589605138 0 1
"649" 0.441548388270154 0.220267445813663 0 1
"650" 0.41855520685957 0.184535104367483 0 1
"651" 0.35962941824411 0.168386807588872 0 1
"652" 0.248294916818043 0.243453392964521 0 1
"653" 0.279451005325083 0.256107674726852 0 1
"654" 0.253179504747193 0.315012301159656 0 1
"655" 0.308897024062228 0.261379686003327 0 1
"656" 0.406817368438871 0.212082218448373 0 1
"657" 0.334891683358587 0.188725014686345 0 1
"658" 0.400605699428584 0.149828896524234 0 1
"659" 0.303066879883313 0.133241366397244 0 1
"660" 0.301778612442223 0.268217485173079 0 1
"661" 0.38939608871487 0.21834920319254 0 1
"662" 0.402455092757359 0.205274196959968 0 1
"663" 0.351459034837128 0.172074355196029 0 1
"664" 0.281003560054648 0.220039815324332 0 1
"665" 0.330448721080542 0.268992647478013 0 1
"666" 0.236406216120736 0.273463472930755 0 1
"667" 0.239187244442154 0.268275951135807 0 1
"668" 0.369664558374878 0.210421409481733 0 1
"669" 0.253958226419681 0.17438876242168 0 1
"670" 0.356779886116027 0.210478677155745 0 1
"671" 0.364823706724398 0.153264766721702 0 1
"672" 0.379157795696302 0.188179990233596 0 1
"673" 0.317887443626115 0.111189097717518 0 1
"674" 0.285225573330033 0.239336165401956 0 1
"675" 0.391397169677712 0.144646149143281 0 1
"676" 0.259478245281208 0.343531060303765 0 1
"677" 0.329667536865634 0.227181642970227 0 1
"678" 0.319445968340375 0.225349987206729 0 1
"679" 0.245546443976453 0.180548202792587 0 1
"680" 0.322571594427624 0.256840682602928 0 1
"681" 0.453269008539384 0.138543431529234 0 1
"682" 0.382081344244084 0.210360398982641 0 1
"683" 0.543952984849922 0.128392673473278 0 1
"684" 0.34634797440939 0.142058824059999 0 1
"685" 0.378372801367592 0.204157444998251 0 1
"686" 0.442639538000018 0.168474648115971 0 1
"687" 0.290666058233621 0.243453801102862 0 1
"688" 0.390410375620182 0.209017321398555 0 1
"689" 0.381586769377416 0.168458603684012 0 1
"690" 0.363024523793448 0.328372430519855 0 1
"691" 0.330074520964438 0.218984544948605 0 1
"692" 0.397220234199996 0.192886047638191 0 1
"693" 0.420330954932808 0.221349718678624 0 1
"694" 0.299812670051118 0.244857459062233 0 1
"695" 0.384448136552641 0.195698139588421 0 1
"696" 0.540128721456203 0.1342650873595 0 1
"697" 0.408921370331555 0.135199287173476 0 1
"698" 0.295268984881195 0.217083920932736 0 1
"699" 0.338722848422487 0.16135849463945 0 1
"700" 0.304168794488943 0.235513493826702 0 1
"701" 0.339173807250676 0.192336649012196 0 1
"702" 0.324611703692069 0.292983943572053 0 1
"703" 0.310232026029097 0.231823349350073 0 1
"704" 0.341161759720981 0.215459273969826 0 1
"705" 0.330879567386803 0.198024420538729 0 1
"706" 0.32317830650934 0.229562755580069 0 1
"707" 0.179776612275938 0.186356799828604 0 1
"708" 0.379415630451034 0.194552177123137 0 1
"709" 0.250099006466423 0.253687966487084 0 1
"710" 0.267459490466004 0.178268859183677 0 1
"711" 0.335564181635153 0.234611898175006 0 1
"712" 0.318650170799297 0.139215030621977 0 1
"713" 0.298000320764133 0.238683560090251 0 1
"714" 0.330604189645517 0.243621471447648 0 1
"715" 0.262661897762998 0.265381880928452 0 1
"716" 0.439266182904758 0.203068700390244 0 1
"717" 0.316793575164565 0.167520819562469 0 1
"718" 0.329657768106796 0.227595164415003 0 1
"719" 0.436536655987479 0.174713867610044 0 1
"720" 0.396763855452049 0.139319860361005 0 1
"721" 0.468673906176132 0.171509800822622 0 1
"722" 0.355207928100212 0.27972646050508 0 1
"723" 0.315186109902505 0.277598233954001 0 1
"724" 0.285628311331373 0.201327072185382 0 1
"725" 0.348116358797847 0.197524993593098 0 1
"726" 0.400845063517135 0.194646637204177 0 1
"727" 0.475784320342836 0.180074799768238 0 1
"728" 0.373720270058678 0.205624576554549 0 1
"729" 0.247163625017471 0.258216020994301 0 1
"730" 0.43983933427589 0.231055560122558 0 1
"731" 0.303957388402487 0.24991546051636 0 1
"732" 0.397059934740733 0.156930466825743 0 1
"733" 0.269902752244771 0.229173824602964 0 1
"734" 0.322982505597036 0.323224250482327 0 1
"735" 0.33133728601143 0.170449705641873 0 1
"736" 0.366297892374369 0.166447608351288 0 1
"737" 0.335436880092509 0.173922810894771 0 1
"738" 0.289150953331714 0.226261636863468 0 1
"739" 0.3052160929935 0.304060112837769 0 1
"740" 0.374401118808105 0.186426041316673 0 1
"741" 0.281919872482829 0.313834779245352 0 1
"742" 0.339205557970145 0.2536475256847 0 1
"743" 0.429766833305954 0.182401412370132 0 1
"744" 0.363313800745005 0.198277273608783 0 1
"745" 0.349672283468933 0.200965334698061 0 1
"746" 0.362440336226442 0.228086721254784 0 1
"747" 0.343678771188133 0.201882673665702 0 1
"748" 0.358325670395549 0.179692427664321 0 1
"749" 0.388490090674656 0.129481724752764 0 1
"750" 0.312806429070214 0.297712946657055 0 1
"751" 0.310129861377346 0.198199635910802 0 1
"752" 0.40897263711723 0.155047369958823 0 1
"753" 0.386414213466366 0.106538949678836 0 1
"754" 0.303802300116807 0.283959857006252 0 1
"755" 0.32921558373263 0.224648854932522 0 1
"756" 0.305150104284526 0.166536065214194 0 1
"757" 0.309904897957973 0.220295379619396 0 1
"758" 0.44152020072193 0.212524570798949 0 1
"759" 0.309328318969387 0.247506250849445 0 1
"760" 0.327147610906854 0.205644418440288 0 1
"761" 0.303665646076228 0.203565987772234 0 1
"762" 0.340178891634544 0.212918894266906 0 1
"763" 0.228315715025472 0.204908463431257 0 1
"764" 0.371445484503406 0.257159253925358 0 1
"765" 0.328861888626367 0.14960577930591 0 1
"766" 0.381484172674062 0.173993255071358 0 1
"767" 0.356016165898106 0.206755261371338 0 1
"768" 0.34077230922467 0.132191902806516 0 1
"769" 0.440382470063053 0.219116512323555 0 1
"770" 0.514023660117003 0.202089830724259 0 1
"771" 0.330700743939072 0.208847572641147 0 1
"772" 0.352260015008664 0.184134103115886 0 1
"773" 0.421275699706813 0.164054303090539 0 1
"774" 0.353347596100257 0.188200885721307 0 1
"775" 0.263656409484752 0.226985261308926 0 1
"776" 0.31311515531167 0.180186988713306 0 1
"777" 0.397625889917834 0.152003355507858 0 1
"778" 0.414400014204274 0.133532809043154 0 1
"779" 0.38826284346576 0.186089278182288 0 1
"780" 0.342994050819182 0.15052977265188 0 1
"781" 0.332909633553494 0.197238547917599 0 1
"782" 0.448083716459653 0.1197733624422 0 1
"783" 0.344900624110176 0.177393774056637 0 1
"784" 0.365000173887024 0.211619521503575 0 1
"785" 0.376356644494596 0.273700406108264 0 1
"786" 0.388686480194909 0.264769770351906 0 1
"787" 0.376219536990785 0.189554184826933 0 1
"788" 0.340268649696715 0.14187407242183 0 1
"789" 0.250935379781313 0.136541238904689 0 1
"790" 0.305104694723101 0.157112919822555 0 1
"791" 0.380064814516634 0.153738911817238 0 1
"792" 0.361301621391986 0.169032864579706 0 1
"793" 0.376033606966745 0.168260827677566 0 1
"794" 0.208829018663293 0.221068299456686 0 1
"795" 0.344352013298752 0.268211861726107 0 1
"796" 0.343434756185594 0.222273160371634 0 1
"797" 0.359996956544011 0.23506106533146 0 1
"798" 0.30199022495713 0.161455174829466 0 1
"799" 0.357532198073828 0.206281638185 0 1
"800" 0.459380531895585 0.171646229231137 0 1
"801" 0.301101631224902 0.172564339978248 0 1
"802" 0.22888844895403 0.18787276323044 0 1
"803" 0.275991273822833 0.277930357173761 0 1
"804" 0.364233801158619 0.159104638081773 0 1
"805" 0.278740893629375 0.152956876062551 0 1
"806" 0.278396423031828 0.152381208391036 0 1
"807" 0.302101106798088 0.10904043272745 0 1
"808" 0.403527818669288 0.161589553094052 0 1
"809" 0.302423428587627 0.205372763710718 0 1
"810" 0.275443073235553 0.243030224378184 0 1
"811" 0.326495032871255 0.20864498654666 0 1
"812" 0.380018861216189 0.147992757992891 0 1
"813" 0.303274894707685 0.166532182544519 0 1
"814" 0.380635875475033 0.147839679818372 0 1
"815" 0.42212534041001 0.274583788676648 0 1
"816" 0.382301757035161 0.156101178621124 0 1
"817" 0.478041101458208 0.216571965634242 0 1
"818" 0.286186162124322 0.167931211115235 0 1
"819" 0.341045511184988 0.168268168195193 0 1
"820" 0.378391299833628 0.212564722766332 0 1
"821" 0.316476052595771 0.17451286064604 0 1
"822" 0.325663840452532 0.15729151099933 0 1
"823" 0.41540865901766 0.185942472380897 0 1
"824" 0.260245562776096 0.224512652519667 0 1
"825" 0.406945590026809 0.185239687469217 0 1
"826" 0.312343442499135 0.27451469369834 0 1
"827" 0.322283667490374 0.234387306983809 0 1
"828" 0.343886775319257 0.227500240820779 0 1
"829" 0.343732730083703 0.250679362374875 0 1
"830" 0.38090359400649 0.184067325747783 0 1
"831" 0.298394932502153 0.211327230232077 0 1
"832" 0.48007557876223 0.198874455006612 0 1
"833" 0.411922937763871 0.133242289247277 0 1
"834" 0.360215131804266 0.133785194985552 0 1
"835" 0.331893700862785 0.196124450924764 0 1
"836" 0.37863104699979 0.266343167386163 0 1
"837" 0.386628621828429 0.202759028843756 0 1
"838" 0.373887258919164 0.201365308167063 0 1
"839" 0.377624852904204 0.213668256704047 0 1
"840" 0.281754731650404 0.280654949136349 0 1
"841" 0.333972615836841 0.137969577443271 0 1
"842" 0.292891790717843 0.242253846099565 0 1
"843" 0.37972504239346 0.18039295932008 0 1
"844" 0.344610514336317 0.224575714770577 0 1
"845" 0.329466330230959 0.164607447066897 0 1
"846" 0.350917308962274 0.2093913150635 0 1
"847" 0.427397670569713 0.167833005843847 0 1
"848" 0.261693364999728 0.211311670608216 0 1
"849" 0.436935411987929 0.194918793172935 0 1
"850" 0.288303015223595 0.203660793923118 0 1
"851" 0.446396942597434 0.196679323783032 0 1
"852" 0.396635201742016 0.167653914805188 0 1
"853" 0.344181990736 0.120626863341493 0 1
"854" 0.329475995148219 0.161413486113105 0 1
"855" 0.373360323468307 0.205782078189825 0 1
"856" 0.318320812286545 0.250564563191268 0 1
"857" 0.277647116193394 0.31014358537988 0 1
"858" 0.368761292991915 0.196796620416596 0 1
"859" 0.339902242843343 0.261317186044514 0 1
"860" 0.326503622499733 0.199941651936464 0 1
"861" 0.352051058609493 0.1507513959161 0 1
"862" 0.330947161043444 0.203134086079279 0 1
"863" 0.274397666915051 0.241633386854886 0 1
"864" 0.277847512340267 0.22386571326133 0 1
"865" 0.28990100187799 0.207201569913276 0 1
"866" 0.348267522002938 0.19308292309359 0 1
"867" 0.272749836169364 0.258389565121163 0 1
"868" 0.424107486318348 0.189525617017922 0 1
"869" 0.451098148429379 0.15802396241382 0 1
"870" 0.348392555581056 0.24192128033669 0 1
"871" 0.423156638728323 0.18804763027046 0 1
"872" 0.386013224840772 0.239041543474901 0 1
"873" 0.33981923490504 0.243053067825916 0 1
"874" 0.312410957343406 0.199300738189341 0 1
"875" 0.351935927046791 0.167813854002297 0 1
"876" 0.377151218643634 0.214861024162156 0 1
"877" 0.263940593460742 0.248270349467557 0 1
"878" 0.351011173188037 0.204103917914463 0 1
"879" 0.356039367868383 0.140732829710989 0 1
"880" 0.330558837270565 0.17175124246528 0 1
"881" 0.412509886627037 0.162014576689885 0 1
"882" 0.344056268452184 0.206741118055222 0 1
"883" 0.427877331879649 0.157226472329588 0 1
"884" 0.298338815764205 0.193666883076734 0 1
"885" 0.357161352066086 0.236145523937517 0 1
"886" 0.359719367051455 0.198183094630578 0 1
"887" 0.367590130012067 0.160906496220647 0 1
"888" 0.436226802777292 0.178790039102072 0 1
"889" 0.286015441248901 0.185173964415287 0 1
"890" 0.47666950515129 0.131971660012922 0 1
"891" 0.359267113975649 0.160362563160264 0 1
"892" 0.299013657644387 0.262010159838175 0 1
"893" 0.290629515806556 0.196709467593183 0 1
"894" 0.351919528180055 0.173961206780351 0 1
"895" 0.303763153957272 0.277363928231146 0 1
"896" 0.30891351058039 0.245598163429187 0 1
"897" 0.314821237676686 0.190161569681193 0 1
"898" 0.32341750231264 0.288943002581638 0 1
"899" 0.304974985630439 0.245364283469339 0 1
"900" 0.3734962819361 0.206417028044935 0 1
"901" 0.374301588728355 0.192416243208594 0 1
"902" 0.346790653124343 0.216637083973871 0 1
"903" 0.44511928264506 0.16799570403375 0 1
"904" 0.342152435106292 0.183581479508417 0 1
"905" 0.190222540713264 0.137424868690809 0 1
"906" 0.363086298595079 0.238038950600921 0 1
"907" 0.297811122283907 0.139555414263051 0 1
"908" 0.276872548138196 0.166397792732981 0 1
"909" 0.378741820014247 0.182033001147025 0 1
"910" 0.298741545867051 0.189691614465179 0 1
"911" 0.432656275801215 0.157398511540356 0 1
"912" 0.444304334289211 0.147538679764602 0 1
"913" 0.321769172704945 0.266383682537139 0 1
"914" 0.274667495056891 0.286729274015175 0 1
"915" 0.255874752915349 0.200738453164149 0 1
"916" 0.407406875831346 0.181055576941177 0 1
"917" 0.455678533097472 0.206051160618819 0 1
"918" 0.349383686177677 0.180333555509045 0 1
"919" 0.384819128930528 0.164413435999861 0 1
"920" 0.359314046622241 0.169232048886992 0 1
"921" 0.319142737701004 0.292562817553443 0 1
"922" 0.469872526286002 0.143750891939104 0 1
"923" 0.457522469072716 0.216985336310105 0 1
"924" 0.255845866563524 0.22246186686578 0 1
"925" 0.30058888464861 0.164659381641906 0 1
"926" 0.414029910478461 0.15250566302042 0 1
"927" 0.388193435068321 0.191805269239654 0 1
"928" 0.207881305346846 0.22225855866951 0 1
"929" 0.274463049603188 0.171880564133302 0 1
"930" 0.33009029588973 0.185501578108261 0 1
"931" 0.32994773352314 0.17891817017231 0 1
"932" 0.354163726419963 0.165148017159391 0 1
"933" 0.320985123978086 0.199643755752605 0 1
"934" 0.432800175438002 0.202532572910081 0 1
"935" 0.467834220470591 0.176984593353849 0 1
"936" 0.283360391361271 0.193462042663321 0 1
"937" 0.41988102512581 0.185895888655961 0 1
"938" 0.336089393668705 0.197457472236475 0 1
"939" 0.386308799045337 0.163716804594788 0 1
"940" 0.38236423237393 0.242401626666357 0 1
"941" 0.304538266256153 0.167970778665894 0 1
"942" 0.328215198795454 0.161394797938543 0 1
"943" 0.246646574527437 0.213738765199232 0 1
"944" 0.472170716508239 0.155890255074115 0 1
"945" 0.290393987859265 0.238167883365877 0 1
"946" 0.390220663651329 0.173596641568345 0 1
"947" 0.320325764365565 0.233596924091721 0 1
"948" 0.296391356569952 0.221794415806941 0 1
"949" 0.395923546166951 0.200678760798968 0 1
"950" 0.275564346984047 0.191342459935881 0 1
"951" 0.379158906874608 0.20785678876561 0 1
"952" 0.372245288467114 0.189857791099846 0 1
"953" 0.341077390400127 0.226980209074843 0 1
"954" 0.345235311097621 0.192047199993436 0 1
"955" 0.326837716384564 0.296485982181595 0 1
"956" 0.430138024768669 0.197213010489211 0 1
"957" 0.266721637620006 0.191745566214874 0 1
"958" 0.349753340412935 0.177304078987178 0 1
"959" 0.326591645753057 0.238936337466689 0 1
"960" 0.288490143462505 0.187839030995423 0 1
"961" 0.288714251334137 0.199552802929468 0 1
"962" 0.331994922150237 0.189464049111123 0 1
"963" 0.410023375721934 0.143929135147188 0 1
"964" 0.26584987903686 0.218048554397519 0 1
"965" 0.388177381526295 0.161763298127588 0 1
"966" 0.397448711043433 0.222437807935356 0 1
"967" 0.390023041732228 0.197104922216707 0 1
"968" 0.35727886904064 0.170288632349469 0 1
"969" 0.242025031470486 0.127456661038343 0 1
"970" 0.362489095689973 0.168465317854041 0 1
"971" 0.395872463672791 0.256763049285832 0 1
"972" 0.38282338402568 0.228651162854383 0 1
"973" 0.278150880320584 0.201362131476644 0 1
"974" 0.380876905181539 0.190627050946779 0 1
"975" 0.353543165182839 0.20608272814115 0 1
"976" 0.311473264253714 0.226298924410552 0 1
"977" 0.383914841470155 0.206496651539776 0 1
"978" 0.367747182573747 0.200765183203268 0 1
"979" 0.304741882133022 0.192504086705447 0 1
"980" 0.302647575511643 0.201446837528091 0 1
"981" 0.299689594428507 0.212472898211133 0 1
"982" 0.45675512640242 0.189806731096904 0 1
"983" 0.390029154909042 0.154295545752005 0 1
"984" 0.371335372060236 0.233328363347257 0 1
"985" 0.358057446460511 0.154151340555891 0 1
"986" 0.324188540708115 0.203745061578601 0 1
"987" 0.438827014078035 0.254497874863649 0 1
"988" 0.336949932661439 0.210279891259317 0 1
"989" 0.294441518121718 0.226129607066024 0 1
"990" 0.304390017018927 0.258426089846962 0 1
"991" 0.401596562624122 0.224234738050099 0 1
"992" 0.376068787308058 0.165603165567379 0 1
"993" 0.424670821058727 0.192997876913939 0 1
"994" 0.320078320256911 0.182340509282257 0 1
"995" 0.311731016123084 0.257745107363674 0 1
"996" 0.29442954049804 0.259791693143165 0 1
"997" 0.33465184759119 0.175819304693063 0 1
"998" 0.347970079505923 0.263860290428929 0 1
"999" 0.328399721628724 0.200417670501569 0 1
"1000" 0.324098442810859 0.191971062641054 0 1
"1001" 0.248077184098884 0.459845740231876 0 -1
"1002" 0.16851429293113 0.481359862627522 0 -1
"1003" 0.188463497586083 0.485705270555669 0 -1
"1004" 0.161233772407372 0.52349507007761 0 -1
"1005" 0.186285143489736 0.548969779604714 0 -1
"1006" 0.258828330763645 0.428466974846219 0 -1
"1007" 0.21591238017112 0.428056770740005 0 -1
"1008" 0.179853916527474 0.550434498496152 0 -1
"1009" 0.215583126266917 0.374059704415185 0 -1
"1010" 0.268330635183506 0.465933843196742 0 -1
"1011" 0.210494832014805 0.455353470416465 0 -1
"1012" 0.218208820204964 0.59481804179236 0 -1
"1013" 0.137117912155795 0.601334317980827 0 -1
"1014" 0.184429913993915 0.496293856554448 0 -1
"1015" 0.227077562307064 0.360147829726241 0 -1
"1016" 0.208580920837469 0.468366374846236 0 -1
"1017" 0.211133091781885 0.514926436993352 0 -1
"1018" 0.172890481326737 0.476272274976652 0 -1
"1019" 0.276870122983451 0.367052087152323 0 -1
"1020" 0.175004013877986 0.551869289883449 0 -1
"1021" 0.207146533404999 0.559841793570243 0 -1
"1022" 0.224290100177408 0.458643100489048 0 -1
"1023" 0.200941273535737 0.413745858248236 0 -1
"1024" 0.195879023305221 0.369661743252096 0 -1
"1025" 0.179519082378478 0.535534711009496 0 -1
"1026" 0.218189823215153 0.46368721902188 0 -1
"1027" 0.174531572986698 0.482689852811215 0 -1
"1028" 0.213791441262538 0.592449469519569 0 -1
"1029" 0.200832294696559 0.429331772218559 0 -1
"1030" 0.235722329829438 0.518200961283252 0 -1
"1031" 0.221363087166699 0.474057284143709 0 -1
"1032" 0.19092413917612 0.427114026560485 0 -1
"1033" 0.189947519945954 0.477049050388556 0 -1
"1034" 0.225198385033651 0.488698404750525 0 -1
"1035" 0.226015397370059 0.47602170377715 0 -1
"1036" 0.269694910964806 0.41991663476973 0 -1
"1037" 0.308915190658048 0.364101103118984 0 -1
"1038" 0.216477899752084 0.526242082785719 0 -1
"1039" 0.245071489775324 0.510972297354936 0 -1
"1040" 0.201824851974038 0.473257582801526 0 -1
"1041" 0.269177153869083 0.498966326226328 0 -1
"1042" 0.172463214353109 0.575060274263968 0 -1
"1043" 0.272232490022936 0.442473238000851 0 -1
"1044" 0.259561465208497 0.425832568635812 0 -1
"1045" 0.190019571654349 0.568215085822416 0 -1
"1046" 0.221144258715441 0.402390539906677 0 -1
"1047" 0.270510487569076 0.411517568515525 0 -1
"1048" 0.220884457182444 0.519443574376791 0 -1
"1049" 0.347580992739784 0.372800847837648 0 -1
"1050" 0.251594161715646 0.50406479814619 0 -1
"1051" 0.202558656580726 0.460904864288101 0 -1
"1052" 0.271650041612918 0.517823934192986 0 -1
"1053" 0.169142950058233 0.550954197665047 0 -1
"1054" 0.182259602963509 0.589355189100429 0 -1
"1055" 0.203069868699589 0.492282938480492 0 -1
"1056" 0.185853712235676 0.435809108110323 0 -1
"1057" 0.227726904834123 0.492381842103668 0 -1
"1058" 0.166994943757864 0.450419932167744 0 -1
"1059" 0.233162766317259 0.47268266994743 0 -1
"1060" 0.17456724737889 0.569470386687045 0 -1
"1061" 0.208214187378014 0.411327423339179 0 -1
"1062" 0.170870602583973 0.518767162693308 0 -1
"1063" 0.230163455078907 0.453997345387869 0 -1
"1064" 0.199316523172126 0.513105500712891 0 -1
"1065" 0.257236835648806 0.413452698192416 0 -1
"1066" 0.148385094110148 0.404276528542366 0 -1
"1067" 0.241926950987534 0.404734038323243 0 -1
"1068" 0.193781598952687 0.398383179286039 0 -1
"1069" 0.248216204981285 0.448049670663722 0 -1
"1070" 0.192349635093075 0.448449337402645 0 -1
"1071" 0.136564812262605 0.500588461402739 0 -1
"1072" 0.145459498741061 0.537137169587285 0 -1
"1073" 0.28734403575575 0.433852845622212 0 -1
"1074" 0.215816581050247 0.443353371774848 0 -1
"1075" 0.141135239408183 0.546294563605595 0 -1
"1076" 0.222126272090237 0.46573128495773 0 -1
"1077" 0.190844367431843 0.472609108948811 0 -1
"1078" 0.247938419072961 0.314155220095365 0 -1
"1079" 0.249576459121707 0.468160689589759 0 -1
"1080" 0.247839506717289 0.418127236175842 0 -1
"1081" 0.219524888747782 0.436608010440352 0 -1
"1082" 0.190287287294241 0.440785747299125 0 -1
"1083" 0.24406657873502 0.478122374707978 0 -1
"1084" 0.256033984921904 0.48325826395073 0 -1
"1085" 0.204287837320978 0.451340870239763 0 -1
"1086" 0.262972074756691 0.447219725778133 0 -1
"1087" 0.201053800160358 0.474902580567577 0 -1
"1088" 0.267174350867073 0.376616696992077 0 -1
"1089" 0.162178668283099 0.515718547346575 0 -1
"1090" 0.239962586949453 0.431609497943199 0 -1
"1091" 0.246257128716633 0.403453814171859 0 -1
"1092" 0.230233151869219 0.355684858520432 0 -1
"1093" 0.261376324309768 0.425405999033068 0 -1
"1094" 0.261334558976129 0.418003547111739 0 -1
"1095" 0.18531836735974 0.498048535656827 0 -1
"1096" 0.180838946173538 0.46804740872554 0 -1
"1097" 0.20032884443354 0.464324625360089 0 -1
"1098" 0.175566099923997 0.566892601590969 0 -1
"1099" 0.313968773979948 0.414852051909852 0 -1
"1100" 0.231163406104644 0.418112262207113 0 -1
"1101" 0.242324118871631 0.38304050142641 0 -1
"1102" 0.218097692169603 0.368076257235457 0 -1
"1103" 0.221786306885875 0.399845314508286 0 -1
"1104" 0.29355611681244 0.446014255574147 0 -1
"1105" 0.317541531183978 0.410207341374201 0 -1
"1106" 0.234745910983639 0.461535089652911 0 -1
"1107" 0.209131350535722 0.565627415487642 0 -1
"1108" 0.156283137596488 0.485808027222169 0 -1
"1109" 0.138548114067253 0.487786932491041 0 -1
"1110" 0.27976364639167 0.445770521647471 0 -1
"1111" 0.223343919281508 0.359567579776292 0 -1
"1112" 0.172448278619878 0.54140299410567 0 -1
"1113" 0.252999687674397 0.482394362818161 0 -1
"1114" 0.24408159689594 0.438844632179598 0 -1
"1115" 0.201788999665037 0.393792586417136 0 -1
"1116" 0.337799349718232 0.358755649184143 0 -1
"1117" 0.17270403442116 0.627433056559241 0 -1
"1118" 0.244764820585781 0.527293035031668 0 -1
"1119" 0.325810364607122 0.329764483690425 0 -1
"1120" 0.241853549628203 0.49549236999418 0 -1
"1121" 0.251365516556991 0.460880545442851 0 -1
"1122" 0.200978553571385 0.50376644157972 0 -1
"1123" 0.271528145604545 0.426482343435202 0 -1
"1124" 0.231957591795468 0.462515397844368 0 -1
"1125" 0.276487769307884 0.438280268565136 0 -1
"1126" 0.182895543814636 0.471746685004145 0 -1
"1127" 0.175455610065397 0.508803012642972 0 -1
"1128" 0.206600764503365 0.485179352352607 0 -1
"1129" 0.257410587961931 0.446271904471381 0 -1
"1130" 0.151629373799705 0.479978113236277 0 -1
"1131" 0.237892907565487 0.493537643069165 0 -1
"1132" 0.222757711962638 0.473305814152465 0 -1
"1133" 0.163196343873986 0.538945751241074 0 -1
"1134" 0.202231054301906 0.476225318727407 0 -1
"1135" 0.176202403835009 0.423878556313937 0 -1
"1136" 0.282754696571243 0.428590278912812 0 -1
"1137" 0.198509072042483 0.33525161240494 0 -1
"1138" 0.167799132778219 0.49264539088692 0 -1
"1139" 0.165933838731355 0.522665887529783 0 -1
"1140" 0.211240955225046 0.432288371159229 0 -1
"1141" 0.204354719192185 0.402881183549883 0 -1
"1142" 0.215851524099532 0.45365610307086 0 -1
"1143" 0.23300700601706 0.421611077576738 0 -1
"1144" 0.209238558989579 0.439291128907966 0 -1
"1145" 0.205001807474138 0.401940961902259 0 -1
"1146" 0.207396239304204 0.492386263648995 0 -1
"1147" 0.203204847880878 0.387698051826583 0 -1
"1148" 0.237783042166659 0.401521174261653 0 -1
"1149" 0.149747616716795 0.598676495366373 0 -1
"1150" 0.247772477096285 0.438840893435691 0 -1
"1151" 0.292119157553504 0.350485028814661 0 -1
"1152" 0.275376683328974 0.424747753421273 0 -1
"1153" 0.256113973917514 0.444160160229777 0 -1
"1154" 0.176029132851092 0.416371575538506 0 -1
"1155" 0.183744531387628 0.440045505490859 0 -1
"1156" 0.230404895085437 0.361767799589363 0 -1
"1157" 0.156920026300549 0.511809308842613 0 -1
"1158" 0.148998343737372 0.42541399260465 0 -1
"1159" 0.241049838338936 0.425319965553411 0 -1
"1160" 0.275065140045342 0.42765869766846 0 -1
"1161" 0.286045612830679 0.384241763631974 0 -1
"1162" 0.189711707797938 0.502365552652133 0 -1
"1163" 0.195962699710587 0.404128237123269 0 -1
"1164" 0.264964882948405 0.535814793059698 0 -1
"1165" 0.218306867452848 0.463379406196318 0 -1
"1166" 0.228744949677458 0.447448670460986 0 -1
"1167" 0.260409278219065 0.43633175702346 0 -1
"1168" 0.191360540032935 0.555515670228386 0 -1
"1169" 0.207579930563983 0.538272492557944 0 -1
"1170" 0.242074644183676 0.505338435763717 0 -1
"1171" 0.161917415988721 0.579366348091475 0 -1
"1172" 0.215697415407606 0.519314604704246 0 -1
"1173" 0.25825185307285 0.363710407915826 0 -1
"1174" 0.193840555840189 0.539810794190248 0 -1
"1175" 0.243809167828124 0.473781227225116 0 -1
"1176" 0.248646854353371 0.467625891591259 0 -1
"1177" 0.239894725596343 0.394246584542658 0 -1
"1178" 0.226719725040253 0.489183796057505 0 -1
"1179" 0.161152198220701 0.46914802068731 0 -1
"1180" 0.230032949951524 0.467727217888906 0 -1
"1181" 0.258184022275899 0.466042693574358 0 -1
"1182" 0.311011503075004 0.328245152449537 0 -1
"1183" 0.223462108030896 0.443176506078848 0 -1
"1184" 0.271613880514152 0.430113350581642 0 -1
"1185" 0.230977530825948 0.401769804405454 0 -1
"1186" 0.204626511222501 0.437477306849292 0 -1
"1187" 0.180324525412186 0.42970773598901 0 -1
"1188" 0.262614317219331 0.367749244175373 0 -1
"1189" 0.228509612274819 0.39553902152845 0 -1
"1190" 0.161546674530363 0.578154432345456 0 -1
"1191" 0.172118092061812 0.528604989337835 0 -1
"1192" 0.19060933373675 0.504042464820568 0 -1
"1193" 0.233880010439123 0.429513797708358 0 -1
"1194" 0.312391396733402 0.307319263972749 0 -1
"1195" 0.236445422000048 0.380518438491649 0 -1
"1196" 0.216942534019986 0.395769777715953 0 -1
"1197" 0.258577051640713 0.397858410590031 0 -1
"1198" 0.276143553978728 0.446609052068324 0 -1
"1199" 0.225521448360602 0.4454035725183 0 -1
"1200" 0.19580852728373 0.544378755559018 0 -1
"1201" 0.220794311357593 0.500578419559716 0 -1
"1202" 0.211036340853246 0.537308397549295 0 -1
"1203" 0.166843722635993 0.427726842646761 0 -1
"1204" 0.138294616227536 0.511897669144677 0 -1
"1205" 0.247581924151066 0.39590673954204 0 -1
"1206" 0.216286787072357 0.520323100067208 0 -1
"1207" 0.227848916753001 0.473589706418751 0 -1
"1208" 0.210585839497516 0.406015641150823 0 -1
"1209" 0.261546389291336 0.489128775799731 0 -1
"1210" 0.224492759622775 0.486970514581168 0 -1
"1211" 0.170631129955991 0.600695357559761 0 -1
"1212" 0.254745699874186 0.414004761290475 0 -1
"1213" 0.173513997869514 0.464000758445824 0 -1
"1214" 0.191945730490178 0.514337136128252 0 -1
"1215" 0.211447384544795 0.487717694996069 0 -1
"1216" 0.24244898742214 0.415487005445677 0 -1
"1217" 0.158921006081708 0.554158555498019 0 -1
"1218" 0.192157569434106 0.509443042382652 0 -1
"1219" 0.199135631583706 0.524861857902164 0 -1
"1220" 0.297537147271077 0.338403942046736 0 -1
"1221" 0.230896772195532 0.428982996948389 0 -1
"1222" 0.225158016800254 0.470839582901313 0 -1
"1223" 0.20263904288871 0.474378539204069 0 -1
"1224" 0.278294465896087 0.428277292845702 0 -1
"1225" 0.341105481187131 0.458660065786721 0 -1
"1226" 0.234805651340543 0.518275524338887 0 -1
"1227" 0.210969376234141 0.504709812202588 0 -1
"1228" 0.2142033530545 0.37898628708447 0 -1
"1229" 0.204681217960608 0.476033899463907 0 -1
"1230" 0.316472560035713 0.411193253048952 0 -1
"1231" 0.162454862678201 0.580786111029095 0 -1
"1232" 0.271892058876717 0.43084558031101 0 -1
"1233" 0.153712028725132 0.462704908828198 0 -1
"1234" 0.225168720621329 0.440656488418287 0 -1
"1235" 0.262955193925667 0.418167431486515 0 -1
"1236" 0.222940473258105 0.472436431288254 0 -1
"1237" 0.195665738817555 0.521051284483499 0 -1
"1238" 0.240681830164373 0.400298619204364 0 -1
"1239" 0.278365663793064 0.437019718383482 0 -1
"1240" 0.144095295916944 0.535978430615756 0 -1
"1241" 0.226600450021487 0.506265247079023 0 -1
"1242" 0.304027365662127 0.373568397303508 0 -1
"1243" 0.220136042899173 0.47461967677859 0 -1
"1244" 0.256644355681277 0.542261204781602 0 -1
"1245" 0.199058801360772 0.462426238346124 0 -1
"1246" 0.176141423256361 0.482746487455227 0 -1
"1247" 0.203808610844671 0.522707348232197 0 -1
"1248" 0.23049270304222 0.547251259308554 0 -1
"1249" 0.231965187344672 0.457080753235217 0 -1
"1250" 0.255228038503669 0.523724676818988 0 -1
"1251" 0.261824758489734 0.437099451033048 0 -1
"1252" 0.168026309825287 0.549252976020945 0 -1
"1253" 0.231200726203129 0.513148924170612 0 -1
"1254" 0.209074024227897 0.451477411330083 0 -1
"1255" 0.213316759480382 0.426535032040602 0 -1
"1256" 0.204813741568087 0.467056009279422 0 -1
"1257" 0.217034998753337 0.473771731781689 0 -1
"1258" 0.171642727570844 0.443147816783298 0 -1
"1259" 0.211531862246696 0.476131678227003 0 -1
"1260" 0.25181159409139 0.385667352641559 0 -1
"1261" 0.220317403710986 0.468502053996573 0 -1
"1262" 0.245638424994896 0.474757526167753 0 -1
"1263" 0.185199269897721 0.470662263429099 0 -1
"1264" 0.20716770851753 0.469034800634927 0 -1
"1265" 0.272949695445743 0.435602597469885 0 -1
"1266" 0.253119845458547 0.451098324433985 0 -1
"1267" 0.203351165443949 0.484244413292751 0 -1
"1268" 0.19594338515943 0.519676524668181 0 -1
"1269" 0.209243778033619 0.504534717308472 0 -1
"1270" 0.174762739090843 0.505099319384579 0 -1
"1271" 0.221241813908145 0.477139080265395 0 -1
"1272" 0.248888830376464 0.355645106755319 0 -1
"1273" 0.203423165018013 0.361203536256621 0 -1
"1274" 0.17609912557683 0.579765757753433 0 -1
"1275" 0.192526912332191 0.50757318928419 0 -1
"1276" 0.269257924277061 0.376402445246618 0 -1
"1277" 0.14705162195811 0.501487953146484 0 -1
"1278" 0.226037695427921 0.487943478795428 0 -1
"1279" 0.229686350261467 0.454449891707234 0 -1
"1280" 0.19836317096736 0.555882141247726 0 -1
"1281" 0.154043041643034 0.542215218553857 0 -1
"1282" 0.201695993001519 0.491759361508295 0 -1
"1283" 0.228004340807948 0.44452359961563 0 -1
"1284" 0.240136118505655 0.500181236539617 0 -1
"1285" 0.183980378067177 0.502714100419466 0 -1
"1286" 0.202743993064945 0.454592872543992 0 -1
"1287" 0.216109031663126 0.442442925091478 0 -1
"1288" 0.229562073087083 0.332500884651946 0 -1
"1289" 0.246840491700391 0.49821044638928 0 -1
"1290" 0.212837689278638 0.476892704990556 0 -1
"1291" 0.177591073051909 0.531092027021969 0 -1
"1292" 0.13812410327109 0.60234773028366 0 -1
"1293" 0.23719466138017 0.453328536482807 0 -1
"1294" 0.250711648140455 0.496424769348245 0 -1
"1295" 0.248926115159815 0.395716034879756 0 -1
"1296" 0.298278511641006 0.411864458840379 0 -1
"1297" 0.295589310870552 0.423859850324563 0 -1
"1298" 0.237929843025521 0.459118408674796 0 -1
"1299" 0.252337055452001 0.473662429446509 0 -1
"1300" 0.165120741762705 0.447732280498172 0 -1
"1301" 0.196369010617476 0.418207300058684 0 -1
"1302" 0.210557670017406 0.482755907402033 0 -1
"1303" 0.23235256329316 0.519423251935275 0 -1
"1304" 0.257911731925891 0.385845074242932 0 -1
"1305" 0.191685215623394 0.51383632032603 0 -1
"1306" 0.167586677365809 0.480355364988849 0 -1
"1307" 0.253754532534219 0.383894045146475 0 -1
"1308" 0.254686613496839 0.47228336012518 0 -1
"1309" 0.21200318046076 0.402696947769225 0 -1
"1310" 0.186056991820733 0.323196533116194 0 -1
"1311" 0.204633095900856 0.406403782406811 0 -1
"1312" 0.221559094949249 0.504430120247899 0 -1
"1313" 0.296710416628073 0.467529164867809 0 -1
"1314" 0.14195058989848 0.615482641145111 0 -1
"1315" 0.230882524422236 0.411149358848485 0 -1
"1316" 0.270179069895877 0.46362154636835 0 -1
"1317" 0.230344584682917 0.279356319356624 0 -1
"1318" 0.173664468900664 0.481858123074671 0 -1
"1319" 0.203173496017219 0.463860655505274 0 -1
"1320" 0.290608820466061 0.394883166001167 0 -1
"1321" 0.205855416160933 0.410262480326812 0 -1
"1322" 0.199874223189716 0.48340841826274 0 -1
"1323" 0.233070751272597 0.470417717354821 0 -1
"1324" 0.230490652577193 0.543306206447997 0 -1
"1325" 0.241915592733226 0.497496085916281 0 -1
"1326" 0.194063812736169 0.391282814827504 0 -1
"1327" 0.191896693917737 0.462968921095175 0 -1
"1328" 0.262921124908347 0.494502312411787 0 -1
"1329" 0.283867467059992 0.4687247501864 0 -1
"1330" 0.197652410205058 0.431483460090817 0 -1
"1331" 0.268167776863672 0.363475331124546 0 -1
"1332" 0.226913153655252 0.459916894273672 0 -1
"1333" 0.157541709988293 0.420443210921983 0 -1
"1334" 0.195628354731951 0.53115020458864 0 -1
"1335" 0.219101538104936 0.565419784392473 0 -1
"1336" 0.142500036509091 0.610057406691744 0 -1
"1337" 0.245530509100327 0.442582894840566 0 -1
"1338" 0.196788865134853 0.59504155102246 0 -1
"1339" 0.220170466306929 0.486748714079756 0 -1
"1340" 0.14254591967113 0.569640873186831 0 -1
"1341" 0.214839069415537 0.498046637409931 0 -1
"1342" 0.22431496206425 0.449140055356675 0 -1
"1343" 0.310106488636374 0.464574415222193 0 -1
"1344" 0.223053857726063 0.459088302794531 0 -1
"1345" 0.236716655910975 0.449077139694018 0 -1
"1346" 0.185103866061495 0.534860566878983 0 -1
"1347" 0.280045028723532 0.488612508364959 0 -1
"1348" 0.283147471934185 0.366964663918545 0 -1
"1349" 0.304835614353525 0.365074250000013 0 -1
"1350" 0.242641187267141 0.388421301710452 0 -1
"1351" 0.193273962665444 0.462706363269132 0 -1
"1352" 0.196244953502832 0.5102067898512 0 -1
"1353" 0.25315448618669 0.454417223852326 0 -1
"1354" 0.185666307165037 0.455520991012023 0 -1
"1355" 0.184313893218999 0.479580038729098 0 -1
"1356" 0.193337433439864 0.476452976705005 0 -1
"1357" 0.1859747472895 0.565193990719161 0 -1
"1358" 0.273022941025223 0.357502790811459 0 -1
"1359" 0.17670135151098 0.46741846943675 0 -1
"1360" 0.188590726412036 0.554156350738854 0 -1
"1361" 0.125247598041194 0.473102920649962 0 -1
"1362" 0.185492123504586 0.402192764558753 0 -1
"1363" 0.268979167783275 0.42158368743083 0 -1
"1364" 0.253379883120339 0.465127921485444 0 -1
"1365" 0.274568660095053 0.431713561325948 0 -1
"1366" 0.232561414826487 0.454663510896953 0 -1
"1367" 0.226309568770573 0.382386775256006 0 -1
"1368" 0.156367619512207 0.449198444174582 0 -1
"1369" 0.153457806470942 0.433130035810201 0 -1
"1370" 0.213912693198379 0.513206489363986 0 -1
"1371" 0.201956196810962 0.532990409210892 0 -1
"1372" 0.316920246993598 0.419175292124862 0 -1
"1373" 0.281334262420371 0.425090496088008 0 -1
"1374" 0.273609866876077 0.397777250924342 0 -1
"1375" 0.201265470866753 0.518087963692401 0 -1
"1376" 0.19720916735641 0.401395975127745 0 -1
"1377" 0.261494637032665 0.450637999648587 0 -1
"1378" 0.312776111731499 0.392813908271819 0 -1
"1379" 0.273963015819213 0.437815383945563 0 -1
"1380" 0.210866069728744 0.437299362025456 0 -1
"1381" 0.247676295089084 0.565354356179729 0 -1
"1382" 0.192553108874987 0.470308351797535 0 -1
"1383" 0.169248131789334 0.497023335632812 0 -1
"1384" 0.188883092622465 0.562564607880329 0 -1
"1385" 0.15915168121195 0.576315961420883 0 -1
"1386" 0.201196267692069 0.482442034505824 0 -1
"1387" 0.143660268292179 0.523437041474975 0 -1
"1388" 0.203189193576717 0.492038664255362 0 -1
"1389" 0.213113629911953 0.468486617404027 0 -1
"1390" 0.226006133739882 0.52973159546574 0 -1
"1391" 0.244712303531926 0.423131767898695 0 -1
"1392" 0.185556655595499 0.498850645313243 0 -1
"1393" 0.249134680242079 0.44869985639034 0 -1
"1394" 0.229849962913831 0.478763923441101 0 -1
"1395" 0.177832123298612 0.490641828397861 0 -1
"1396" 0.250932020975711 0.471848190486197 0 -1
"1397" 0.241034961753482 0.472572551983932 0 -1
"1398" 0.278706942661359 0.36182475446 0 -1
"1399" 0.202553174536687 0.476428968904904 0 -1
"1400" 0.231782464473226 0.490794196640697 0 -1
"1401" 0.264705349588003 0.40352747266123 0 -1
"1402" 0.212317709627947 0.55573819978798 0 -1
"1403" 0.176066473496335 0.386835915822727 0 -1
"1404" 0.195543197756421 0.408762272455967 0 -1
"1405" 0.20073831122816 0.433927646138858 0 -1
"1406" 0.205486311208483 0.484986485980925 0 -1
"1407" 0.19445551149445 0.518863044587867 0 -1
"1408" 0.190628743659477 0.373851946539112 0 -1
"1409" 0.270935266176498 0.433706141631051 0 -1
"1410" 0.254589448175232 0.409506183937833 0 -1
"1411" 0.233767011436569 0.512077420481903 0 -1
"1412" 0.174811396614656 0.483589558925523 0 -1
"1413" 0.230226371510861 0.467337211076608 0 -1
"1414" 0.270447959950714 0.503734988024651 0 -1
"1415" 0.286300425780672 0.35322695230814 0 -1
"1416" 0.195356617639413 0.425454912994037 0 -1
"1417" 0.195940347652283 0.48095503998584 0 -1
"1418" 0.197351351910404 0.471722321770323 0 -1
"1419" 0.21307748135148 0.510804095794386 0 -1
"1420" 0.211666225984838 0.493653586924106 0 -1
"1421" 0.253486831820086 0.391974803744256 0 -1
"1422" 0.217901688019947 0.483044541204876 0 -1
"1423" 0.19362948212391 0.457241140537512 0 -1
"1424" 0.1912243392431 0.495955059838918 0 -1
"1425" 0.155454505253009 0.511673218078442 0 -1
"1426" 0.155048263885539 0.49137482262104 0 -1
"1427" 0.203142258914755 0.483265021640302 0 -1
"1428" 0.201158203848116 0.462181155778917 0 -1
"1429" 0.161956141427378 0.469316844114717 0 -1
"1430" 0.279847538379551 0.429128928507519 0 -1
"1431" 0.168747472502353 0.445456073463675 0 -1
"1432" 0.214593966856844 0.523138919044447 0 -1
"1433" 0.249593869788954 0.410964872919873 0 -1
"1434" 0.18002329126731 0.484746582072705 0 -1
"1435" 0.242983044304964 0.447582665931886 0 -1
"1436" 0.204858960800942 0.416331700735562 0 -1
"1437" 0.221379263864976 0.391527215633122 0 -1
"1438" 0.282653981445795 0.438948140895257 0 -1
"1439" 0.251667461802469 0.442290624356893 0 -1
"1440" 0.268350685858376 0.457032015049273 0 -1
"1441" 0.214637947639322 0.436473902285883 0 -1
"1442" 0.203274595268477 0.508904450159092 0 -1
"1443" 0.200961466847503 0.444533905326578 0 -1
"1444" 0.256774936560234 0.389513760418856 0 -1
"1445" 0.208364731904333 0.396452490981265 0 -1
"1446" 0.173798820521111 0.407828763802141 0 -1
"1447" 0.196909211252565 0.461023038610147 0 -1
"1448" 0.198728772497954 0.540307225840783 0 -1
"1449" 0.223335369334885 0.508422176844209 0 -1
"1450" 0.164239888993175 0.476913059888291 0 -1
"1451" 0.173240982255288 0.396196714621193 0 -1
"1452" 0.179389037720192 0.469194553356178 0 -1
"1453" 0.258791373731181 0.529551659799319 0 -1
"1454" 0.290611543890754 0.39943969592526 0 -1
"1455" 0.184834816024251 0.48546505539277 0 -1
"1456" 0.160383821546882 0.436577057873669 0 -1
"1457" 0.281550334676294 0.400939483886531 0 -1
"1458" 0.195532856964598 0.439827020116575 0 -1
"1459" 0.246388660434216 0.48630491625732 0 -1
"1460" 0.185616295565207 0.489988799277271 0 -1
"1461" 0.27410078300246 0.413188841518057 0 -1
"1462" 0.20025101632802 0.442060121351852 0 -1
"1463" 0.254381621537074 0.411911178730711 0 -1
"1464" 0.214476213455095 0.574080681957477 0 -1
"1465" 0.298724081190942 0.304011867427066 0 -1
"1466" 0.182355094152534 0.477867897711272 0 -1
"1467" 0.14323307431522 0.572396847759355 0 -1
"1468" 0.229371024990183 0.446921604370561 0 -1
"1469" 0.186095029815775 0.462811826210003 0 -1
"1470" 0.208141786240152 0.468307052815195 0 -1
"1471" 0.25235608564917 0.398638533280503 0 -1
"1472" 0.209298616977669 0.498774049151032 0 -1
"1473" 0.213144581152692 0.505590978854977 0 -1
"1474" 0.210747679326077 0.465913219208552 0 -1
"1475" 0.221019060682957 0.455903901834763 0 -1
"1476" 0.213001707578189 0.507540799037535 0 -1
"1477" 0.248569338208857 0.501071793669396 0 -1
"1478" 0.359853482526742 0.347185722666506 0 -1
"1479" 0.158957764504341 0.479200844239986 0 -1
"1480" 0.171988288921372 0.467381348281677 0 -1
"1481" 0.157276067376766 0.485825359078656 0 -1
"1482" 0.264445458510679 0.434455228569838 0 -1
"1483" 0.274042184798558 0.469408924659346 0 -1
"1484" 0.161795631676964 0.471388473686484 0 -1
"1485" 0.203991858725123 0.420617170705934 0 -1
"1486" 0.230990055742068 0.480044543282349 0 -1
"1487" 0.244227985288547 0.446321614937491 0 -1
"1488" 0.196332081407858 0.509582065639478 0 -1
"1489" 0.270340519890003 0.395504505757335 0 -1
"1490" 0.225845443025216 0.478411434318051 0 -1
"1491" 0.175075605800097 0.447135760043979 0 -1
"1492" 0.351559634882717 0.399800347478492 0 -1
"1493" 0.125026135071982 0.524825849089125 0 -1
"1494" 0.304853982770002 0.382586301822339 0 -1
"1495" 0.279642495978139 0.497376907628374 0 -1
"1496" 0.197523074379996 0.399219379443103 0 -1
"1497" 0.194436021705852 0.455669898283541 0 -1
"1498" 0.193551626038527 0.548152148236905 0 -1
"1499" 0.25131753990215 0.382420845131022 0 -1
"1500" 0.198630699831079 0.572569360720876 0 -1
"1501" 0.170459292018473 0.464934400283024 0 -1
"1502" 0.232829412891137 0.492156957004068 0 -1
"1503" 0.165807496355929 0.558172590972679 0 -1
"1504" 0.191625439915209 0.51823834401431 0 -1
"1505" 0.236175094349234 0.425672836873671 0 -1
"1506" 0.242417502434222 0.422171897294219 0 -1
"1507" 0.170188495160642 0.416636833515704 0 -1
"1508" 0.206484613618129 0.423355025966179 0 -1
"1509" 0.237032955830508 0.456205071633377 0 -1
"1510" 0.229209134922453 0.4334847024449 0 -1
"1511" 0.228611949100754 0.50762654893681 0 -1
"1512" 0.153801406209117 0.417162678384768 0 -1
"1513" 0.182239263147345 0.513533650953836 0 -1
"1514" 0.175710688660707 0.433859261171063 0 -1
"1515" 0.214193721930313 0.463757496573082 0 -1
"1516" 0.199375873917372 0.466645279214541 0 -1
"1517" 0.233175782683838 0.454792977311626 0 -1
"1518" 0.198201360948313 0.461402184241962 0 -1
"1519" 0.265089487801972 0.415632984831471 0 -1
"1520" 0.250181783336845 0.410492698819026 0 -1
"1521" 0.188965709983251 0.555170495249585 0 -1
"1522" 0.265600133549884 0.424163245975896 0 -1
"1523" 0.256862716733979 0.37905221499797 0 -1
"1524" 0.227939967428324 0.572703824363664 0 -1
"1525" 0.195020541875032 0.459885075265187 0 -1
"1526" 0.211928384541043 0.413932403966922 0 -1
"1527" 0.182894763958574 0.550158164235414 0 -1
"1528" 0.216099711514775 0.462400073125665 0 -1
"1529" 0.202265218434363 0.504746347163604 0 -1
"1530" 0.242877525741092 0.448351115180286 0 -1
"1531" 0.223824896921074 0.432978640952073 0 -1
"1532" 0.191956393169637 0.547585976682018 0 -1
"1533" 0.257102757044677 0.442781509298737 0 -1
"1534" 0.209240100418336 0.432383819701848 0 -1
"1535" 0.193796247919705 0.421972359928741 0 -1
"1536" 0.161580746582391 0.31887839507516 0 -1
"1537" 0.204976312096007 0.547881394242646 0 -1
"1538" 0.231102533467272 0.517826150352099 0 -1
"1539" 0.275440411871118 0.459592549470485 0 -1
"1540" 0.167121877471136 0.479513531078086 0 -1
"1541" 0.225756409602461 0.513154071785608 0 -1
"1542" 0.196971370106057 0.379194679977571 0 -1
"1543" 0.144229478826522 0.582544270352699 0 -1
"1544" 0.271114947245934 0.438167968573834 0 -1
"1545" 0.192594990279547 0.52807817262265 0 -1
"1546" 0.186729826474866 0.547417236130366 0 -1
"1547" 0.20193193225649 0.529971983051781 0 -1
"1548" 0.268716466203992 0.488769643971302 0 -1
"1549" 0.192912010302195 0.575381951170552 0 -1
"1550" 0.218500927619589 0.588940225933939 0 -1
"1551" 0.192444855449992 0.469308037765092 0 -1
"1552" 0.216550844601122 0.347069445688376 0 -1
"1553" 0.231561511437566 0.474040172396403 0 -1
"1554" 0.231646037929254 0.402063306235719 0 -1
"1555" 0.182947777901591 0.54146450449456 0 -1
"1556" 0.241119163123061 0.362001275219689 0 -1
"1557" 0.179621907311906 0.558141100306195 0 -1
"1558" 0.212570096664918 0.443038113028462 0 -1
"1559" 0.160059270692514 0.594294371314625 0 -1
"1560" 0.318784643180596 0.388479499396542 0 -1
"1561" 0.274289365876292 0.425045540021759 0 -1
"1562" 0.172711997827737 0.49506850921012 0 -1
"1563" 0.205447132107688 0.469889567613701 0 -1
"1564" 0.212602337278069 0.489453999295961 0 -1
"1565" 0.289308684673881 0.393558768728477 0 -1
"1566" 0.220290339009627 0.400101217805609 0 -1
"1567" 0.168637205107014 0.49994207263445 0 -1
"1568" 0.242509580825932 0.402603931836094 0 -1
"1569" 0.202488708635731 0.468217922476987 0 -1
"1570" 0.203833131988817 0.477437734010674 0 -1
"1571" 0.235839232714215 0.484668177865758 0 -1
"1572" 0.239327689011918 0.368960781175536 0 -1
"1573" 0.219797319312615 0.403015947676802 0 -1
"1574" 0.212511095487293 0.483805755762722 0 -1
"1575" 0.159291303058323 0.580176327311847 0 -1
"1576" 0.242608165152573 0.478299367570058 0 -1
"1577" 0.277203947914912 0.434712106834425 0 -1
"1578" 0.185548383835314 0.599689646131751 0 -1
"1579" 0.177891685668944 0.446169018469792 0 -1
"1580" 0.180260979813234 0.552355935489729 0 -1
"1581" 0.225000008949108 0.518543610743671 0 -1
"1582" 0.243406282507724 0.40557623467655 0 -1
"1583" 0.212999075800222 0.383954329828111 0 -1
"1584" 0.159537702596457 0.280777408855207 0 -1
"1585" 0.158541567618756 0.495958138092666 0 -1
"1586" 0.165484652500459 0.499230989994813 0 -1
"1587" 0.251631778741758 0.475750327742495 0 -1
"1588" 0.234725878257742 0.457730338416228 0 -1
"1589" 0.356294185151538 0.355585432490699 0 -1
"1590" 0.157927970392491 0.459721466970228 0 -1
"1591" 0.224738743185628 0.396089558720051 0 -1
"1592" 0.260927488343711 0.474749627636442 0 -1
"1593" 0.175416724168231 0.536653501395804 0 -1
"1594" 0.196268718423143 0.396579129650437 0 -1
"1595" 0.281342653892992 0.385358350228923 0 -1
"1596" 0.170156404001995 0.552540297997614 0 -1
"1597" 0.225762149324529 0.405733785142313 0 -1
"1598" 0.241328991988495 0.426475314514244 0 -1
"1599" 0.219183895560859 0.470068365125681 0 -1
"1600" 0.21338814572942 0.430063300571745 0 -1
"1601" 0.246810925160569 0.360273683163821 0 -1
"1602" 0.223488640402654 0.415906226494783 0 -1
"1603" 0.244626052693116 0.43583989601625 0 -1
"1604" 0.197397082504127 0.454337984228108 0 -1
"1605" 0.260980605556509 0.455358436384041 0 -1
"1606" 0.177586661000256 0.522879701496153 0 -1
"1607" 0.145165706223258 0.552833218173348 0 -1
"1608" 0.164857713135539 0.529283339439177 0 -1
"1609" 0.193315039507865 0.432069902022108 0 -1
"1610" 0.187924556208366 0.429608012443614 0 -1
"1611" 0.234119635885513 0.384767305133478 0 -1
"1612" 0.240508488067434 0.410429707056914 0 -1
"1613" 0.183557262573897 0.394092784865549 0 -1
"1614" 0.239665935976614 0.384448840436293 0 -1
"1615" 0.217322052557382 0.521519471664968 0 -1
"1616" 0.237733296902285 0.428406468075844 0 -1
"1617" 0.16885487873258 0.445233229763472 0 -1
"1618" 0.239572950064879 0.520766555409994 0 -1
"1619" 0.220954278425734 0.495540736486384 0 -1
"1620" 0.282688644025904 0.381369670504047 0 -1
"1621" 0.27641978680494 0.433431546973667 0 -1
"1622" 0.240498212113427 0.481870360752665 0 -1
"1623" 0.166196548386978 0.402243697726153 0 -1
"1624" 0.262792419140766 0.378018572756806 0 -1
"1625" 0.132249302042277 0.575519625983419 0 -1
"1626" 0.2233169727898 0.399067583659654 0 -1
"1627" 0.237333900136217 0.321605683000499 0 -1
"1628" 0.213815802376738 0.521301887429748 0 -1
"1629" 0.223975120979647 0.515804819893734 0 -1
"1630" 0.183522663823648 0.39596290781294 0 -1
"1631" 0.217052172244336 0.544367551910618 0 -1
"1632" 0.193187686883312 0.474429425577522 0 -1
"1633" 0.20989431183626 0.428463702577289 0 -1
"1634" 0.157316443757141 0.583381369276359 0 -1
"1635" 0.306123507924 0.470487045049579 0 -1
"1636" 0.258527231800958 0.445116374986189 0 -1
"1637" 0.264716988615541 0.421699412542744 0 -1
"1638" 0.198724444899022 0.503464702485233 0 -1
"1639" 0.255920372527437 0.398886305802842 0 -1
"1640" 0.270306710183967 0.36184231124259 0 -1
"1641" 0.224285582296744 0.48713420353205 0 -1
"1642" 0.190558694294792 0.543849507151555 0 -1
"1643" 0.271073151145798 0.467291984852029 0 -1
"1644" 0.212712192415701 0.445796302716406 0 -1
"1645" 0.186107283136573 0.372673145209875 0 -1
"1646" 0.188586936838123 0.56523909634054 0 -1
"1647" 0.237109483274077 0.396610704598268 0 -1
"1648" 0.194661139442368 0.525413699563401 0 -1
"1649" 0.246152057166242 0.513906351303233 0 -1
"1650" 0.231153558820034 0.452566253957972 0 -1
"1651" 0.136454494918507 0.463727831881459 0 -1
"1652" 0.247868041699719 0.413874320854388 0 -1
"1653" 0.149668775714064 0.409416464683093 0 -1
"1654" 0.272836080312851 0.439283708232661 0 -1
"1655" 0.274721225805826 0.375968087982372 0 -1
"1656" 0.242569953184243 0.450474594193163 0 -1
"1657" 0.156682138473335 0.53285634398767 0 -1
"1658" 0.198120627625392 0.528207273938198 0 -1
"1659" 0.246269237949681 0.509061932102297 0 -1
"1660" 0.255213434789456 0.463928172612495 0 -1
"1661" 0.135785097464497 0.54913486137317 0 -1
"1662" 0.197233552311341 0.461959967384373 0 -1
"1663" 0.290144811706669 0.392819689489483 0 -1
"1664" 0.205785336214961 0.539212994019204 0 -1
"1665" 0.190845821377958 0.325447745092896 0 -1
"1666" 0.15788079099424 0.486206599718375 0 -1
"1667" 0.181655321461398 0.545588639023331 0 -1
"1668" 0.192623458711365 0.492584345397838 0 -1
"1669" 0.168735677115397 0.491983056820093 0 -1
"1670" 0.258970701745301 0.48459042129616 0 -1
"1671" 0.211616503001283 0.445115961046273 0 -1
"1672" 0.193502849029175 0.488042712640887 0 -1
"1673" 0.259753496500774 0.413312537840088 0 -1
"1674" 0.234488729227271 0.466302405926468 0 -1
"1675" 0.263924709162224 0.427480904853463 0 -1
"1676" 0.190920179068903 0.566908735697382 0 -1
"1677" 0.168759664390522 0.403604506091347 0 -1
"1678" 0.30048162796281 0.446413586198159 0 -1
"1679" 0.222008187586333 0.42491419902537 0 -1
"1680" 0.228848122935908 0.474238393814159 0 -1
"1681" 0.272170855857985 0.424834416881422 0 -1
"1682" 0.1988461133192 0.497538478220231 0 -1
"1683" 0.317127035757375 0.437372163592276 0 -1
"1684" 0.205492927398944 0.448129399805443 0 -1
"1685" 0.21011069381994 0.47912868049798 0 -1
"1686" 0.257983366234674 0.445739998449669 0 -1
"1687" 0.182695701900969 0.476177817410052 0 -1
"1688" 0.185541762578708 0.499216856918976 0 -1
"1689" 0.197096110902942 0.5203360168883 0 -1
"1690" 0.184277462305545 0.514308019283619 0 -1
"1691" 0.230499325366934 0.403351954573388 0 -1
"1692" 0.226101223202321 0.390567665425374 0 -1
"1693" 0.199812371618686 0.450965596700386 0 -1
"1694" 0.206605286043932 0.543527029808988 0 -1
"1695" 0.220766288647988 0.470247177046339 0 -1
"1696" 0.177692283239019 0.462065243276849 0 -1
"1697" 0.207536025592177 0.40782431716251 0 -1
"1698" 0.197247626321908 0.507035485974071 0 -1
"1699" 0.227644371436721 0.423837746068272 0 -1
"1700" 0.209539778372242 0.455547368978207 0 -1
"1701" 0.165618169806833 0.565444423881044 0 -1
"1702" 0.212716422725471 0.441288273228742 0 -1
"1703" 0.244540147819838 0.426705093780522 0 -1
"1704" 0.299624026445339 0.380658804540489 0 -1
"1705" 0.221855254695378 0.521772294804586 0 -1
"1706" 0.208713752837599 0.546876218827127 0 -1
"1707" 0.183479201269951 0.45935744568911 0 -1
"1708" 0.236980629265576 0.450440892086771 0 -1
"1709" 0.266582186290536 0.376357065181898 0 -1
"1710" 0.245237151681193 0.347758189960952 0 -1
"1711" 0.25161654543002 0.396069791222612 0 -1
"1712" 0.29646277231734 0.431610268965963 0 -1
"1713" 0.285469060518595 0.449127239369323 0 -1
"1714" 0.292135520815444 0.428746477370871 0 -1
"1715" 0.252687883399373 0.374498232166258 0 -1
"1716" 0.238026656691243 0.495106384735852 0 -1
"1717" 0.142462363942736 0.469054131225954 0 -1
"1718" 0.314265529757277 0.428675500547865 0 -1
"1719" 0.237254588161516 0.38119175786362 0 -1
"1720" 0.190684394273858 0.462623319527946 0 -1
"1721" 0.211901238079643 0.484667617656845 0 -1
"1722" 0.252043640057945 0.412461223371047 0 -1
"1723" 0.189083680722705 0.395836977945178 0 -1
"1724" 0.214684066878221 0.465326247587416 0 -1
"1725" 0.182935309124525 0.393023200751029 0 -1
"1726" 0.219638724983023 0.448732153369629 0 -1
"1727" 0.212667906093072 0.469649645576909 0 -1
"1728" 0.286800105648258 0.473373318703162 0 -1
"1729" 0.160192045281403 0.528598758340124 0 -1
"1730" 0.170243400755978 0.461596509464022 0 -1
"1731" 0.276390603707755 0.375658590864212 0 -1
"1732" 0.28426219208571 0.406498478462473 0 -1
"1733" 0.202506977185252 0.348506630228056 0 -1
"1734" 0.197802570899735 0.582974295924303 0 -1
"1735" 0.235237551201833 0.473646276552603 0 -1
"1736" 0.206202940841284 0.511025722206006 0 -1
"1737" 0.226661352673082 0.449684062457381 0 -1
"1738" 0.188517973431081 0.499621332187479 0 -1
"1739" 0.220902014853044 0.418516737922565 0 -1
"1740" 0.258532047882977 0.447041822059646 0 -1
"1741" 0.238726340284244 0.463248101946619 0 -1
"1742" 0.29449106146997 0.44266354935765 0 -1
"1743" 0.316728892824782 0.425007712227129 0 -1
"1744" 0.233567149351198 0.392181815894335 0 -1
"1745" 0.24493056813207 0.505911901502804 0 -1
"1746" 0.335898993771136 0.387162941936092 0 -1
"1747" 0.195582114666596 0.492339162842354 0 -1
"1748" 0.21053057767295 0.420101726526771 0 -1
"1749" 0.228036123811391 0.493099840535903 0 -1
"1750" 0.178319126582601 0.539270527509998 0 -1
"1751" 0.309335647142658 0.398240798101378 0 -1
"1752" 0.182268390754275 0.514748544132723 0 -1
"1753" 0.23161731833588 0.426795243048729 0 -1
"1754" 0.192390779279243 0.496870371832769 0 -1
"1755" 0.257529531313561 0.384761146837208 0 -1
"1756" 0.257007936416058 0.482116831840132 0 -1
"1757" 0.243236922623329 0.425152586855951 0 -1
"1758" 0.193818139586922 0.554498798245422 0 -1
"1759" 0.160438459116539 0.474927547277828 0 -1
"1760" 0.202307243111644 0.321778450798268 0 -1
"1761" 0.152219477328505 0.594376359235364 0 -1
"1762" 0.160760018187718 0.514824687587419 0 -1
"1763" 0.157165826733286 0.584707594340807 0 -1
"1764" 0.246540680949545 0.434986022416785 0 -1
"1765" 0.243172977024695 0.343008303685664 0 -1
"1766" 0.244342733499344 0.366700902617666 0 -1
"1767" 0.262721711480918 0.494739816797956 0 -1
"1768" 0.2414175269393 0.493888068214475 0 -1
"1769" 0.21008494468522 0.454113396880052 0 -1
"1770" 0.177143272796944 0.355301459740013 0 -1
"1771" 0.197525588659444 0.468977803987512 0 -1
"1772" 0.206382335140091 0.444460291027432 0 -1
"1773" 0.203917914332581 0.470670121339715 0 -1
"1774" 0.196087966350373 0.466731121725367 0 -1
"1775" 0.230263550097904 0.44495412854752 0 -1
"1776" 0.229945871427374 0.543381446558503 0 -1
"1777" 0.230532106496989 0.415179009458119 0 -1
"1778" 0.180145227948878 0.505155851468415 0 -1
"1779" 0.165161947581039 0.563447287142742 0 -1
"1780" 0.249357255299026 0.384371953241712 0 -1
"1781" 0.211983379711104 0.495917601744083 0 -1
"1782" 0.184724891971621 0.480141842494912 0 -1
"1783" 0.252915565707531 0.47230693903485 0 -1
"1784" 0.178287437110773 0.538768136476165 0 -1
"1785" 0.241348630164182 0.334839772107903 0 -1
"1786" 0.138373255444355 0.58533244948086 0 -1
"1787" 0.227677513167335 0.437399856512729 0 -1
"1788" 0.260417217288499 0.422849735268445 0 -1
"1789" 0.204902779216079 0.356858910117505 0 -1
"1790" 0.240973182816642 0.305598100830869 0 -1
"1791" 0.216955570138086 0.503386566375918 0 -1
"1792" 0.216540785676814 0.46168248638765 0 -1
"1793" 0.276026462712374 0.477088079974681 0 -1
"1794" 0.234808249528662 0.555751399430586 0 -1
"1795" 0.239538240936053 0.451957279828336 0 -1
"1796" 0.26838429734363 0.411702355193516 0 -1
"1797" 0.217182011009407 0.390161843092199 0 -1
"1798" 0.253554712921067 0.363160134137822 0 -1
"1799" 0.236323238034202 0.443755095174179 0 -1
"1800" 0.210135712072085 0.449143952518999 0 -1
"1801" 0.244607420868405 0.428385562218247 0 -1
"1802" 0.217805591258564 0.493224977999693 0 -1
"1803" 0.275127978073401 0.381925381945304 0 -1
"1804" 0.232886956109774 0.46741955906005 0 -1
"1805" 0.179295347113466 0.568281669580985 0 -1
"1806" 0.216695393125681 0.4734005838057 0 -1
"1807" 0.275059191815917 0.356886775109037 0 -1
"1808" 0.221784263797212 0.384595479508716 0 -1
"1809" 0.180962095931505 0.473766324319998 0 -1
"1810" 0.233564444413493 0.457633937478825 0 -1
"1811" 0.223885404223696 0.312534709340502 0 -1
"1812" 0.27985312241165 0.42436618174581 0 -1
"1813" 0.277389450239918 0.378069947653377 0 -1
"1814" 0.17884250843922 0.514632084473317 0 -1
"1815" 0.231678909046843 0.466791596070274 0 -1
"1816" 0.166686909260024 0.478772329143139 0 -1
"1817" 0.204366310314879 0.571140631806912 0 -1
"1818" 0.180212242427323 0.492750141233137 0 -1
"1819" 0.279687693960022 0.393263676869541 0 -1
"1820" 0.168678660543969 0.580706076908139 0 -1
"1821" 0.162278486459294 0.54078837794622 0 -1
"1822" 0.196168587620386 0.474223969775396 0 -1
"1823" 0.235009783308395 0.472343574941194 0 -1
"1824" 0.189716757375495 0.518620832159901 0 -1
"1825" 0.218699335496775 0.527842432377639 0 -1
"1826" 0.210695407212493 0.459639601738839 0 -1
"1827" 0.207254774225874 0.595649981658722 0 -1
"1828" 0.241965971641381 0.420782784496641 0 -1
"1829" 0.307798903770844 0.447168018366783 0 -1
"1830" 0.252697273347429 0.420792297507836 0 -1
"1831" 0.163388947597721 0.545490891898218 0 -1
"1832" 0.211251182383251 0.506880036448646 0 -1
"1833" 0.224978335825894 0.536140143479145 0 -1
"1834" 0.209184960833007 0.405621661541622 0 -1
"1835" 0.24622114386968 0.386969135561406 0 -1
"1836" 0.280369209135749 0.420696442157292 0 -1
"1837" 0.307275363864569 0.389533716143811 0 -1
"1838" 0.250527472119728 0.444618944546541 0 -1
"1839" 0.253062224996264 0.439775679445122 0 -1
"1840" 0.166805449767317 0.631428240457426 0 -1
"1841" 0.223966417347396 0.505382923575004 0 -1
"1842" 0.262319132317915 0.42581725923343 0 -1
"1843" 0.193479410874071 0.491132879404023 0 -1
"1844" 0.2723353422482 0.396555790705831 0 -1
"1845" 0.214826668145447 0.467529086650098 0 -1
"1846" 0.231148819988642 0.464674200262703 0 -1
"1847" 0.206074583549801 0.362241861425662 0 -1
"1848" 0.239469439800845 0.50037364213874 0 -1
"1849" 0.20050671375546 0.577557665788739 0 -1
"1850" 0.192598796739832 0.47644868139047 0 -1
"1851" 0.217830002989016 0.508752013424513 0 -1
"1852" 0.194779901553418 0.430509575840465 0 -1
"1853" 0.324021761919419 0.355288684012906 0 -1
"1854" 0.162539931687395 0.508200496628142 0 -1
"1855" 0.343607146061168 0.324532618860788 0 -1
"1856" 0.197803832469527 0.299024536990296 0 -1
"1857" 0.182466770240546 0.479545234921898 0 -1
"1858" 0.222948278907451 0.484188950002624 0 -1
"1859" 0.250596576784968 0.434102808732277 0 -1
"1860" 0.218769848375295 0.536731442793272 0 -1
"1861" 0.263377460389784 0.427536552239203 0 -1
"1862" 0.152322239655347 0.551718938645105 0 -1
"1863" 0.277929523847581 0.438934045393097 0 -1
"1864" 0.288065117694974 0.361352084121919 0 -1
"1865" 0.252401858614012 0.430857020236246 0 -1
"1866" 0.223071906580456 0.504712456700015 0 -1
"1867" 0.187421205498506 0.454183525490024 0 -1
"1868" 0.190400177526634 0.522318956137699 0 -1
"1869" 0.268850686192841 0.46469285556781 0 -1
"1870" 0.259117003908576 0.477336798614305 0 -1
"1871" 0.22635212634012 0.435327901503397 0 -1
"1872" 0.277008035325373 0.382013477810799 0 -1
"1873" 0.210528400132594 0.472921610608622 0 -1
"1874" 0.16010402525215 0.502467958665874 0 -1
"1875" 0.26790813924623 0.471953775003547 0 -1
"1876" 0.185737095195405 0.507383807961499 0 -1
"1877" 0.32267338884034 0.428528273567671 0 -1
"1878" 0.288719018160291 0.427888141352483 0 -1
"1879" 0.249935365196665 0.44736094292894 0 -1
"1880" 0.177294865578152 0.526327086578259 0 -1
"1881" 0.272548096132806 0.430918601697789 0 -1
"1882" 0.150755073356781 0.484866665887028 0 -1
"1883" 0.304421950781995 0.39512886679639 0 -1
"1884" 0.253130902210444 0.447058930091181 0 -1
"1885" 0.207724023689381 0.477746606900393 0 -1
"1886" 0.212230516215115 0.486294058439817 0 -1
"1887" 0.221348012303148 0.506507630700957 0 -1
"1888" 0.18496258122385 0.49988559581779 0 -1
"1889" 0.217074630732562 0.5026423540531 0 -1
"1890" 0.234523277530407 0.435127816257438 0 -1
"1891" 0.160497940333231 0.550286853572227 0 -1
"1892" 0.161820817648496 0.516773897135236 0 -1
"1893" 0.27209762802014 0.432472517244259 0 -1
"1894" 0.232266199438658 0.436516654833824 0 -1
"1895" 0.286603772115967 0.364137488565418 0 -1
"1896" 0.258997194427528 0.413790662142185 0 -1
"1897" 0.183659245787673 0.410708103353093 0 -1
"1898" 0.37240513792443 0.37985362834676 0 -1
"1899" 0.290858088874285 0.398507777432322 0 -1
"1900" 0.191117037821138 0.384769096776957 0 -1
"1901" 0.272001448502804 0.399431941116145 0 -1
"1902" 0.167787827721507 0.5937603502269 0 -1
"1903" 0.232690598407459 0.405797630861216 0 -1
"1904" 0.202394128807058 0.379110940556369 0 -1
"1905" 0.221303349310571 0.346226918881983 0 -1
"1906" 0.290402119995666 0.337075627250739 0 -1
"1907" 0.242159070707537 0.473808900535442 0 -1
"1908" 0.2481611392042 0.39594003527397 0 -1
"1909" 0.21384740941971 0.471227238790387 0 -1
"1910" 0.268973408189273 0.492788995243001 0 -1
"1911" 0.203770490362237 0.54827564642854 0 -1
"1912" 0.251076022029241 0.428030915245871 0 -1
"1913" 0.24524285827659 0.421799976809458 0 -1
"1914" 0.30211333046393 0.400379664372107 0 -1
"1915" 0.258778774657338 0.384669715524251 0 -1
"1916" 0.181933231769729 0.495016873291487 0 -1
"1917" 0.17846052798855 0.476353820502151 0 -1
"1918" 0.248356499224871 0.415734537517733 0 -1
"1919" 0.195774216322715 0.519044220362695 0 -1
"1920" 0.275000648547343 0.47088623782982 0 -1
"1921" 0.209814870972061 0.416939572703657 0 -1
"1922" 0.250077132564179 0.408134394860193 0 -1
"1923" 0.159590685750759 0.521539997692682 0 -1
"1924" 0.251110327950196 0.526184675177174 0 -1
"1925" 0.223607367374306 0.434523827535809 0 -1
"1926" 0.225980055913133 0.476028970805123 0 -1
"1927" 0.172311395292567 0.518425842464044 0 -1
"1928" 0.214287180775122 0.499916759604925 0 -1
"1929" 0.179921083244563 0.524450051985719 0 -1
"1930" 0.206309978684275 0.46139691051559 0 -1
"1931" 0.202655780955529 0.479174067092101 0 -1
"1932" 0.236505530890509 0.4002843929186 0 -1
"1933" 0.299228062081787 0.472366006493768 0 -1
"1934" 0.143862775444277 0.60926876886453 0 -1
"1935" 0.151197048280105 0.461810719184524 0 -1
"1936" 0.174736243954054 0.492866836590464 0 -1
"1937" 0.263372224985146 0.441336099684159 0 -1
"1938" 0.214305374802077 0.407937201057448 0 -1
"1939" 0.199794446123004 0.420770157076223 0 -1
"1940" 0.238819475851749 0.508783894504143 0 -1
"1941" 0.248956913663494 0.408951733156804 0 -1
"1942" 0.210036034191529 0.551344767279085 0 -1
"1943" 0.214760819633926 0.522024572425593 0 -1
"1944" 0.251320778556852 0.415917922409224 0 -1
"1945" 0.197360707127213 0.463213716572097 0 -1
"1946" 0.210445163587756 0.480714200251311 0 -1
"1947" 0.236230716323817 0.456865510880508 0 -1
"1948" 0.168330474910991 0.455519454296343 0 -1
"1949" 0.265815702536096 0.355658925624887 0 -1
"1950" 0.194785564771287 0.45766158857165 0 -1
"1951" 0.221003200484191 0.482737221447184 0 -1
"1952" 0.19185923509246 0.404720412869917 0 -1
"1953" 0.267747971662388 0.494844062480992 0 -1
"1954" 0.196356186896399 0.478829435696479 0 -1
"1955" 0.203570072967597 0.447537581467014 0 -1
"1956" 0.204457568167588 0.480441519387036 0 -1
"1957" 0.20201243384312 0.378353194605087 0 -1
"1958" 0.197409380135723 0.52914588491447 0 -1
"1959" 0.231542897437593 0.464917926343464 0 -1
"1960" 0.231175952460164 0.505531309667958 0 -1
"1961" 0.219795784139126 0.419067589444385 0 -1
"1962" 0.145394574091419 0.446218443084252 0 -1
"1963" 0.240150150598323 0.460567194872511 0 -1
"1964" 0.295036008619882 0.415531388664954 0 -1
"1965" 0.185182783725917 0.529489604548137 0 -1
"1966" 0.221443155781851 0.485993758343684 0 -1
"1967" 0.144560389998988 0.518172239576737 0 -1
"1968" 0.24615251210862 0.485725187648392 0 -1
"1969" 0.214993347400376 0.475566147237038 0 -1
"1970" 0.222063724452589 0.42967282244454 0 -1
"1971" 0.237117518511125 0.503935785421823 0 -1
"1972" 0.272266651528428 0.347583831914088 0 -1
"1973" 0.265699308224284 0.43021527592991 0 -1
"1974" 0.259879680792255 0.411505620290122 0 -1
"1975" 0.230604962735366 0.419467401901892 0 -1
"1976" 0.173484800314937 0.367885739322714 0 -1
"1977" 0.219659493207589 0.575134636646322 0 -1
"1978" 0.217147374014249 0.375027469324368 0 -1
"1979" 0.266313482623176 0.45869123864647 0 -1
"1980" 0.185136574611297 0.487905934832225 0 -1
"1981" 0.197328504203854 0.501062491253073 0 -1
"1982" 0.267756709269458 0.432150447401377 0 -1
"1983" 0.170455812516249 0.559129609935941 0 -1
"1984" 0.266093075823387 0.392468944511884 0 -1
"1985" 0.228371359412536 0.487712153072301 0 -1
"1986" 0.253054479075416 0.414789583209342 0 -1
"1987" 0.246401776037165 0.442448422412231 0 -1
"1988" 0.179892892964497 0.446607492728716 0 -1
"1989" 0.213415712231596 0.504199877718123 0 -1
"1990" 0.199063013820268 0.500139332133294 0 -1
"1991" 0.182052078553096 0.551160165786337 0 -1
"1992" 0.13956751990911 0.450600017118445 0 -1
"1993" 0.19435159476488 0.480870871257297 0 -1
"1994" 0.253278351267695 0.4420039101998 0 -1
"1995" 0.246565072843581 0.469451106153565 0 -1
"1996" 0.253933227635966 0.362399072817848 0 -1
"1997" 0.231855018696136 0.454221699475836 0 -1
"1998" 0.214431624203246 0.438136591915316 0 -1
"1999" 0.287130416307155 0.454873021776066 0 -1
"2000" 0.25000583148073 0.441074642229201 0 -1
